ub,lb,time,src
1.1217086931302338e6, 1.1010047933980417e6, 0.28548097610473633, 0.0
1.107555857184385e6, 1.1013615693673291e6, 0.36630797386169434, 0.0
1.107555857184385e6, 1.101929731473843e6, 0.40906405448913574, 0.0
1.107555857184385e6, 1.1021040665188085e6, 0.4212160110473633, 0.0
1.107555857184385e6, 1.102106671328861e6, 0.6008138656616211, 0.0
1.107555857184385e6, 1.102166606735469e6, 0.600916862487793, 0.0
1.107555857184385e6, 1.1022636281095375e6, 0.6072509288787842, 0.0
1.107555857184385e6, 1.1022898918033119e6, 0.6114819049835205, 0.0
1.107555857184385e6, 1.1023316612441726e6, 0.6178610324859619, 0.0
1.107555857184385e6, 1.1023488774038483e6, 0.6178789138793945, 0.0
1.107555857184385e6, 1.1023490438104426e6, 0.6472189426422119, 0.0
1.107555857184385e6, 1.102371922651227e6, 0.9232659339904785, 0.0
1.1070569155968782e6, 1.102371922651227e6, 0.9241299629211426, 0.0
1.1061722886823742e6, 1.102371922651227e6, 0.9483070373535156, 0.0
1.1061722886823742e6, 1.1024651002136567e6, 1.0086030960083008, 0.0
1.1061722886823742e6, 1.1024677261940446e6, 1.1075890064239502, 0.0
1.1061722886823742e6, 1.1024776265204845e6, 1.1076939105987549, 0.0
1.1061722886823742e6, 1.1024796923349614e6, 1.3687100410461426, 0.0
1.1061722886823742e6, 1.102479799190037e6, 1.3688650131225586, 0.0
1.1061722886823742e6, 1.1024798501667094e6, 1.3689448833465576, 0.0
1.1061722886823742e6, 1.102480069651201e6, 1.3690569400787354, 0.0
1.1061722886823742e6, 1.1024825738658921e6, 1.3694288730621338, 0.0
1.1061722886823742e6, 1.1024900155149116e6, 1.369549036026001, 0.0
1.1061722886823742e6, 1.1024900616900674e6, 1.4357900619506836, 0.0
1.1061722886823742e6, 1.1024911222900327e6, 1.435920000076294, 0.0
1.1061722886823742e6, 1.102493787775735e6, 1.4359259605407715, 0.0
1.1061722886823742e6, 1.1024991756610705e6, 1.4372150897979736, 0.0
1.1061722886823742e6, 1.1024993236095777e6, 1.4372708797454834, 0.0
1.1061722886823742e6, 1.1025003058191226e6, 1.4373340606689453, 0.0
1.1061722886823742e6, 1.1025006419948158e6, 1.437391996383667, 0.0
1.1061722886823742e6, 1.1025024438507394e6, 1.4374990463256836, 0.0
1.1061722886823742e6, 1.1025024505102588e6, 1.4376029968261719, 0.0
1.105974248411337e6, 1.1025024505102588e6, 2.8271100521087646, 0.0
1.1059468040086534e6, 1.1025024505102588e6, 2.8447890281677246, 0.0
1.1059460657849265e6, 1.1025024505102588e6, 2.845484972000122, 0.0
1.1057620012668334e6, 1.1025024505102588e6, 4.832046031951904, 0.0
1.1057611772998404e6, 1.1025024505102588e6, 4.83266806602478, 0.0
1.105745543171716e6, 1.1025024505102588e6, 4.952019929885864, 0.0
1.1056409072371344e6, 1.1025024505102588e6, 4.953058958053589, 0.0
1.1056404981984948e6, 1.1025024505102588e6, 4.953608989715576, 0.0
1.1056404981984948e6, 1.1025026752723039e6, 5.237745046615601, 0.0
1.1056404981984948e6, 1.1025026752724336e6, 5.377835988998413, 0.0
1.1056404981984948e6, 1.1025037528923827e6, 5.377868890762329, 0.0
1.1056404981984948e6, 1.1025060605583622e6, 5.378042936325073, 0.0
1.1056404981984948e6, 1.1025073085785985e6, 5.378455877304077, 0.0
1.1056404981984948e6, 1.1025074772771301e6, 5.378597974777222, 0.0
1.1056404981984948e6, 1.1025074772773904e6, 5.378753900527954, 0.0
1.1056404981984948e6, 1.1025079579275483e6, 5.378781080245972, 0.0
1.1056404981984948e6, 1.1025159385938016e6, 5.378917932510376, 0.0
1.1056404981984948e6, 1.102517941368579e6, 5.539541959762573, 0.0
1.1056404981984948e6, 1.1025179413691866e6, 5.539767026901245, 0.0
1.1056404981984948e6, 1.1025185826182745e6, 5.539823055267334, 0.0
1.1056404981984948e6, 1.1025199973820155e6, 5.539927005767822, 0.0
1.1056404981984948e6, 1.1025203075600502e6, 5.54004693031311, 0.0
1.1056404981984948e6, 1.102521306009152e6, 5.540176868438721, 0.0
1.1056404981984948e6, 1.1025213911385094e6, 5.540271043777466, 0.0
1.1056404981984948e6, 1.1025223444888922e6, 5.540386915206909, 0.0
1.1056404981984948e6, 1.1025231668264093e6, 5.540534973144531, 0.0
1.1056404981984948e6, 1.1025244746654488e6, 5.703190088272095, 0.0
1.1056404981984948e6, 1.1025252983615475e6, 5.7034430503845215, 0.0
1.1056404981984948e6, 1.102526350843993e6, 5.703583002090454, 0.0
1.1056404981984948e6, 1.1025267933276962e6, 5.70373797416687, 0.0
1.1056404981984948e6, 1.1025268467013217e6, 5.703886032104492, 0.0
1.1056404981984948e6, 1.1025271957793792e6, 5.704041957855225, 0.0
1.1056404981984948e6, 1.102527626047762e6, 5.704184055328369, 0.0
1.1056404981984948e6, 1.102531565358824e6, 5.704379081726074, 0.0
1.1056404981984948e6, 1.1025352849200733e6, 5.878277063369751, 0.0
1.1056404981984948e6, 1.1025393002798173e6, 5.878614902496338, 0.0
1.1056404981984948e6, 1.102540766639443e6, 5.87875509262085, 0.0
1.1056404981984948e6, 1.1025408794854202e6, 5.878885984420776, 0.0
1.1056404981984948e6, 1.102541419132879e6, 5.879019021987915, 0.0
1.1056404981984948e6, 1.1025414494955617e6, 5.879209995269775, 0.0
1.1056404981984948e6, 1.1025417618633804e6, 5.87935209274292, 0.0
1.1056404981984948e6, 1.1025455658402515e6, 5.879536867141724, 0.0
1.1056404981984948e6, 1.1025462006697985e6, 6.065846920013428, 0.0
1.1056404981984948e6, 1.1025472881606845e6, 6.066143989562988, 0.0
1.1056404981984948e6, 1.1025477472193881e6, 6.066298007965088, 0.0
1.1056404981984948e6, 1.1025483261892418e6, 6.066457033157349, 0.0
1.1056404981984948e6, 1.102549108922673e6, 6.0666139125823975, 0.0
1.1056404981984948e6, 1.1025491902441436e6, 6.066725015640259, 0.0
1.1056404981984948e6, 1.1025497630302045e6, 6.066859006881714, 0.0
1.1056404981984948e6, 1.102557375201311e6, 6.067030906677246, 0.0
1.1056404981984948e6, 1.1025585503474548e6, 6.290826082229614, 0.0
1.1056404981984948e6, 1.1025586944428724e6, 6.291090965270996, 0.0
1.1056404981984948e6, 1.1025591468179019e6, 6.291285037994385, 0.0
1.1056404981984948e6, 1.1025601811014172e6, 6.291393041610718, 0.0
1.1056404981984948e6, 1.1025613392094127e6, 6.291506052017212, 0.0
1.1056404981984948e6, 1.1025613556968865e6, 6.291625022888184, 0.0
1.1056404981984948e6, 1.1025615122403372e6, 6.291796922683716, 0.0
1.1056404981984948e6, 1.102561931025818e6, 6.291882038116455, 0.0
1.1056404981984948e6, 1.1025619877143446e6, 6.47625994682312, 0.0
1.1056404981984948e6, 1.1025627930244384e6, 6.476590871810913, 0.0
1.1056404981984948e6, 1.1025632837010515e6, 6.477092027664185, 0.0
1.1056404981984948e6, 1.102564454846117e6, 6.4773828983306885, 0.0
1.1056404981984948e6, 1.1025649433341438e6, 6.477581977844238, 0.0
1.1056404981984948e6, 1.1025651546453484e6, 6.47774600982666, 0.0
1.1056404981984948e6, 1.1025653827786506e6, 6.477921009063721, 0.0
1.1056404981984948e6, 1.1025745620993453e6, 6.478116989135742, 0.0
1.1056404981984948e6, 1.1025759951294437e6, 6.68458104133606, 0.0
1.1056404981984948e6, 1.1025768863013433e6, 6.684707880020142, 0.0
1.1056404981984948e6, 1.1025786754510056e6, 6.684942007064819, 0.0
1.1056404981984948e6, 1.102579250327303e6, 6.685152053833008, 0.0
1.1056404981984948e6, 1.1025795309544858e6, 6.685383081436157, 0.0
1.1056404981984948e6, 1.102579605791573e6, 6.685576915740967, 0.0
1.1056404981984948e6, 1.1025796539684208e6, 6.6858038902282715, 0.0
1.1056404981984948e6, 1.1025797784816744e6, 6.686018943786621, 0.0
1.1056404981984948e6, 1.1025797784824085e6, 6.686177015304565, 0.0
1.1056404981984948e6, 1.1025915939492623e6, 6.686207056045532, 0.0
1.1056404981984948e6, 1.1025919146613027e6, 6.939466953277588, 0.0
1.1056404981984948e6, 1.1025931569139054e6, 6.9397430419921875, 0.0
1.1056404981984948e6, 1.1025937115834341e6, 6.939894914627075, 0.0
1.1056404981984948e6, 1.1025943568051662e6, 6.9401938915252686, 0.0
1.1056404981984948e6, 1.1025946524637162e6, 6.940320014953613, 0.0
1.1056404981984948e6, 1.1025946524637216e6, 6.940448045730591, 0.0
1.1056404981984948e6, 1.1025946524638552e6, 6.940486907958984, 0.0
1.1056404981984948e6, 1.1025971959821372e6, 7.157674074172974, 0.0
1.1056404981984948e6, 1.1025994981462504e6, 7.157732963562012, 0.0
1.1056404981984948e6, 1.102600440425046e6, 7.158041000366211, 0.0
1.1056404981984948e6, 1.1026005847179354e6, 7.1582560539245605, 0.0
1.1056404981984948e6, 1.1026017216112646e6, 7.158475875854492, 0.0
1.1056404981984948e6, 1.102605269145792e6, 7.158699035644531, 0.0
1.1056404981984948e6, 1.1026082933019504e6, 7.158910036087036, 0.0
1.1056404981984948e6, 1.1026090215224614e6, 7.159147024154663, 0.0
1.1056404981984948e6, 1.102615264974919e6, 7.15929102897644, 0.0
1.1056404981984948e6, 1.1026155678104754e6, 7.159353971481323, 0.0
1.1056404981984948e6, 1.1026172886851341e6, 7.159357070922852, 0.0
1.1056404981984948e6, 1.1026178514733056e6, 7.388521909713745, 0.0
1.1056404981984948e6, 1.102618842978292e6, 7.388628005981445, 0.0
1.1056404981984948e6, 1.1026202264243525e6, 7.388940095901489, 0.0
1.1056404981984948e6, 1.1026205411414525e6, 7.389196872711182, 0.0
1.1056404981984948e6, 1.1026205411414925e6, 7.389446973800659, 0.0
1.1056404981984948e6, 1.1026212944534977e6, 7.3895180225372314, 0.0
1.1056404981984948e6, 1.1026214109398564e6, 7.389688014984131, 0.0
1.1056404981984948e6, 1.1026227770199985e6, 7.389914035797119, 0.0
1.1056404981984948e6, 1.1026229450471133e6, 7.390148878097534, 0.0
1.1056404981984948e6, 1.1026229476107378e6, 7.390484094619751, 0.0
1.1056404981984948e6, 1.1026351336979535e6, 7.390528917312622, 0.0
1.1056404981984948e6, 1.1026401199292797e6, 7.706000089645386, 0.0
1.1056404981984948e6, 1.1026425865534882e6, 7.70624303817749, 0.0
1.1056404981984948e6, 1.1026429876544708e6, 7.7064690589904785, 0.0
1.1056404981984948e6, 1.1026474384611486e6, 7.952495098114014, 0.0
1.1056404981984948e6, 1.1026506410002448e6, 7.95287299156189, 0.0
1.1056404981984948e6, 1.1026534550732162e6, 7.953183889389038, 0.0
1.1056404981984948e6, 1.1026538366901246e6, 7.95344090461731, 0.0
1.1056404981984948e6, 1.1026545517481072e6, 7.953727960586548, 0.0
1.1056404981984948e6, 1.102655346951108e6, 7.953986883163452, 0.0
1.1056404981984948e6, 1.1026553999957303e6, 7.954269886016846, 0.0
1.1056404981984948e6, 1.1026644729943827e6, 7.954587936401367, 0.0
1.1056404981984948e6, 1.1026663915624276e6, 7.954678058624268, 0.0
1.1056404981984948e6, 1.1026671553461151e6, 8.21496295928955, 0.0
1.1056404981984948e6, 1.1026706733771039e6, 8.215363025665283, 0.0
1.1056404981984948e6, 1.1026728795522552e6, 8.215682983398438, 0.0
1.1056404981984948e6, 1.1026733943959163e6, 8.215938091278076, 0.0
1.1056404981984948e6, 1.1026737402617123e6, 8.216202020645142, 0.0
1.1056404981984948e6, 1.102674529072087e6, 8.216477870941162, 0.0
1.1056404981984948e6, 1.1026746157769414e6, 8.216763019561768, 0.0
1.1056404981984948e6, 1.102683153252213e6, 8.217175006866455, 0.0
1.1056404981984948e6, 1.1026855556356637e6, 10.912272930145264, 0.0
1.1056404981984948e6, 1.102685874043849e6, 10.914203882217407, 0.0
1.1056404981984948e6, 1.1026869721021065e6, 10.91550588607788, 0.0
1.1056404981984948e6, 1.1026875064683813e6, 10.916980981826782, 0.0
1.1056404981984948e6, 1.1026878856777595e6, 10.918340921401978, 0.0
1.1056404981984948e6, 1.102688105093232e6, 10.919661045074463, 0.0
1.1056404981984948e6, 1.1026891609998946e6, 10.920976877212524, 0.0
1.1056404981984948e6, 1.1027494863861168e6, 10.922321081161499, 0.0
1.1056404981984948e6, 1.102766327488955e6, 10.922723054885864, 0.0
1.1056404981984948e6, 1.1027679846505672e6, 11.325394868850708, 0.0
1.1056404981984948e6, 1.1027681010723833e6, 11.325821876525879, 0.0
1.1056404981984948e6, 1.1027698809089316e6, 11.326129913330078, 0.0
1.1056404981984948e6, 1.102770087805766e6, 11.3263840675354, 0.0
1.1056404981984948e6, 1.1027702062610167e6, 11.326685905456543, 0.0
1.1056404981984948e6, 1.1027718291021031e6, 11.32699704170227, 0.0
1.1056404981984948e6, 1.1027722573824993e6, 11.32724404335022, 0.0
1.1056404981984948e6, 1.1027899216261809e6, 11.327595949172974, 0.0
1.1056404981984948e6, 1.1027901883701046e6, 11.670856952667236, 0.0
1.1056404981984948e6, 1.1027917438039524e6, 11.671458005905151, 0.0
1.1056404981984948e6, 1.1027917578253231e6, 11.671809911727905, 0.0
1.1056404981984948e6, 1.1027919847569917e6, 11.671833038330078, 0.0
1.1056404981984948e6, 1.102792923217222e6, 11.672157049179077, 0.0
1.1056404981984948e6, 1.1027931840845593e6, 11.672484874725342, 0.0
1.1056404981984948e6, 1.1027932535615605e6, 11.672795057296753, 0.0
1.1056404981984948e6, 1.1027947041811624e6, 11.673130989074707, 0.0
1.1056404981984948e6, 1.1028167107372568e6, 11.6734459400177, 0.0
1.105491113239419e6, 1.1028167107372568e6, 13.129103899002075, 0.0
1.105491113239419e6, 1.102817531531111e6, 13.47936201095581, 0.0
1.105491113239419e6, 1.1028211287802793e6, 13.479844093322754, 0.0
1.105491113239419e6, 1.102821628135259e6, 13.480215072631836, 0.0
1.105491113239419e6, 1.1028217667834833e6, 13.480547904968262, 0.0
1.105491113239419e6, 1.1028226287666052e6, 13.480942010879517, 0.0
1.105491113239419e6, 1.1028229254346157e6, 13.481333017349243, 0.0
1.105491113239419e6, 1.1028229525661294e6, 13.481707096099854, 0.0
1.105491113239419e6, 1.102839466985424e6, 13.48204493522644, 0.0
1.105491113239419e6, 1.102841079392068e6, 13.883842945098877, 0.0
1.105491113239419e6, 1.1028410793929808e6, 13.88430905342102, 0.0
1.105491113239419e6, 1.1028443572665553e6, 13.884389877319336, 0.0
1.105491113239419e6, 1.102845076942027e6, 13.884623050689697, 0.0
1.105491113239419e6, 1.102845116796685e6, 13.8853120803833, 0.0
1.105491113239419e6, 1.1028460906412962e6, 13.885704040527344, 0.0
1.105491113239419e6, 1.1028467477386952e6, 13.88604187965393, 0.0
1.105491113239419e6, 1.1028470167174495e6, 13.886377096176147, 0.0
1.105491113239419e6, 1.102858017823465e6, 13.886786937713623, 0.0
1.105491113239419e6, 1.1028608705932589e6, 14.26683497428894, 0.0
1.105491113239419e6, 1.102861926316698e6, 14.267432928085327, 0.0
1.105491113239419e6, 1.102863097247935e6, 14.267782926559448, 0.0
1.105491113239419e6, 1.1028646007714465e6, 14.268135070800781, 0.0
1.105491113239419e6, 1.102864971471269e6, 14.268545866012573, 0.0
1.105491113239419e6, 1.102865496068021e6, 14.270282983779907, 0.0
1.105491113239419e6, 1.1028658122034532e6, 14.270686864852905, 0.0
1.105491113239419e6, 1.1028898815555233e6, 14.271032094955444, 0.0
1.105491113239419e6, 1.1028902341477617e6, 14.709497928619385, 0.0
1.105491113239419e6, 1.1028902691908907e6, 14.710083961486816, 0.0
1.105491113239419e6, 1.102890350962834e6, 14.710105895996094, 0.0
1.105491113239419e6, 1.1028903791062937e6, 14.710439920425415, 0.0
1.105491113239419e6, 1.102890701080232e6, 14.710768938064575, 0.0
1.105491113239419e6, 1.102891314349935e6, 14.711091041564941, 0.0
1.105491113239419e6, 1.1028914965356241e6, 14.711493015289307, 0.0
1.105491113239419e6, 1.1028920401262282e6, 14.711827993392944, 0.0
1.105491113239419e6, 1.1029050313954016e6, 14.712132930755615, 0.0
1.105491113239419e6, 1.1029068028729262e6, 15.125362873077393, 0.0
1.105491113239419e6, 1.1029086607252806e6, 15.12592101097107, 0.0
1.105491113239419e6, 1.1029113356281584e6, 15.126309871673584, 0.0
1.105491113239419e6, 1.1029115870126062e6, 15.126709938049316, 0.0
1.105491113239419e6, 1.1029129544289284e6, 15.127104043960571, 0.0
1.105491113239419e6, 1.1029133771175453e6, 15.127532958984375, 0.0
1.105491113239419e6, 1.1029134482915795e6, 15.127975940704346, 0.0
1.105491113239419e6, 1.1029137858196124e6, 15.128378868103027, 0.0
1.105491113239419e6, 1.102919123756353e6, 15.128408908843994, 0.0
1.105491113239419e6, 1.1029258568037255e6, 15.128469944000244, 0.0
1.105491113239419e6, 1.1029270763489623e6, 15.564148902893066, 0.0
1.105491113239419e6, 1.102927951313263e6, 15.564655065536499, 0.0
1.105491113239419e6, 1.102929414895459e6, 15.565094947814941, 0.0
1.105491113239419e6, 1.1029297409080004e6, 15.565500974655151, 0.0
1.105491113239419e6, 1.102930441898092e6, 15.565773010253906, 0.0
1.105491113239419e6, 1.102931948009536e6, 15.566112041473389, 0.0
1.105491113239419e6, 1.1029323780354923e6, 15.566417932510376, 0.0
1.105491113239419e6, 1.1029499496246483e6, 15.566719055175781, 0.0
1.105491113239419e6, 1.102950336908053e6, 15.994939088821411, 0.0
1.105491113239419e6, 1.1029525866174335e6, 15.99540901184082, 0.0
1.105491113239419e6, 1.1029529748932337e6, 15.995820999145508, 0.0
1.105491113239419e6, 1.1029536521526184e6, 15.996296882629395, 0.0
1.105491113239419e6, 1.1029538999577635e6, 15.99664306640625, 0.0
1.105491113239419e6, 1.1029539741359116e6, 15.997045040130615, 0.0
1.105491113239419e6, 1.1029560573582617e6, 15.997406959533691, 0.0
1.105491113239419e6, 1.1029695926249565e6, 15.997822046279907, 0.0
1.105491113239419e6, 1.1029724229414277e6, 17.314888954162598, 0.0
1.105491113239419e6, 1.102975031703948e6, 17.314992904663086, 0.0
1.105491113239419e6, 1.102978116922352e6, 17.749814987182617, 0.0
1.105491113239419e6, 1.10297855470229e6, 17.750391960144043, 0.0
1.105491113239419e6, 1.1029798975808017e6, 17.750813007354736, 0.0
1.105491113239419e6, 1.1029804862173398e6, 17.751198053359985, 0.0
1.105491113239419e6, 1.1029811345070149e6, 17.751653909683228, 0.0
1.105491113239419e6, 1.1029812528876509e6, 17.752043962478638, 0.0
1.105491113239419e6, 1.1029817574109111e6, 17.75250005722046, 0.0
1.105491113239419e6, 1.1029983622428388e6, 17.752944946289062, 0.0
1.105491113239419e6, 1.1030009268553923e6, 18.361587047576904, 0.0
1.105491113239419e6, 1.1030026525899349e6, 18.362308979034424, 0.0
1.105491113239419e6, 1.1030028525568368e6, 18.362735986709595, 0.0
1.105491113239419e6, 1.103003336268527e6, 18.363203048706055, 0.0
1.105491113239419e6, 1.1030045048585706e6, 18.36361002922058, 0.0
1.105491113239419e6, 1.1030047446115408e6, 18.36414909362793, 0.0
1.105491113239419e6, 1.1030052633380021e6, 18.36456298828125, 0.0
1.105491113239419e6, 1.1030152569598157e6, 18.364969968795776, 0.0
1.105491113239419e6, 1.1030175553339054e6, 18.365232944488525, 0.0
1.105491113239419e6, 1.1030204680616667e6, 18.844810009002686, 0.0
1.105491113239419e6, 1.1030212014712128e6, 18.845438957214355, 0.0
1.105491113239419e6, 1.1030225297269137e6, 18.845884084701538, 0.0
1.105491113239419e6, 1.1030232298967375e6, 18.84635305404663, 0.0
1.105491113239419e6, 1.1030238050645618e6, 18.8467378616333, 0.0
1.105491113239419e6, 1.103024544581193e6, 18.847135066986084, 0.0
1.105491113239419e6, 1.1030245549263821e6, 18.847558975219727, 0.0
1.105491113239419e6, 1.1030328403906259e6, 18.847959995269775, 0.0
1.105491113239419e6, 1.1030409227363346e6, 18.848057985305786, 0.0
1.105491113239419e6, 1.1030439917374868e6, 18.848233938217163, 0.0
1.105491113239419e6, 1.1030467541118362e6, 19.33794093132019, 0.0
1.105491113239419e6, 1.1030482026165645e6, 19.338597059249878, 0.0
1.105491113239419e6, 1.103048272588614e6, 19.33903193473816, 0.0
1.105491113239419e6, 1.1030483606465901e6, 19.339525938034058, 0.0
1.105491113239419e6, 1.1030486319828264e6, 19.33997392654419, 0.0
1.105491113239419e6, 1.1030492161831218e6, 19.340426921844482, 0.0
1.105491113239419e6, 1.1030492199467965e6, 19.34083890914917, 0.0
1.105491113239419e6, 1.1030494222903778e6, 19.340923070907593, 0.0
1.105491113239419e6, 1.1030627332226697e6, 19.341248035430908, 0.0
1.105491113239419e6, 1.1030633894365497e6, 19.811502933502197, 0.0
1.105491113239419e6, 1.1030636738294563e6, 19.81208896636963, 0.0
1.105491113239419e6, 1.1030643808161032e6, 19.812632083892822, 0.0
1.105491113239419e6, 1.1030650022678536e6, 19.813085079193115, 0.0
1.105491113239419e6, 1.1030650887346591e6, 19.813557863235474, 0.0
1.105491113239419e6, 1.103066605839205e6, 19.81404399871826, 0.0
1.105491113239419e6, 1.1030669731441874e6, 19.814451932907104, 0.0
1.105491113239419e6, 1.1030751334956978e6, 19.81488299369812, 0.0
1.105491113239419e6, 1.103081027637914e6, 19.815011024475098, 0.0
1.105491113239419e6, 1.1030877280318374e6, 19.81506586074829, 0.0
1.105491113239419e6, 1.1030904366505356e6, 20.298256874084473, 0.0
1.105491113239419e6, 1.1030919622812774e6, 20.298870086669922, 0.0
1.105491113239419e6, 1.103092130406018e6, 20.299299001693726, 0.0
1.105491113239419e6, 1.1030927768053678e6, 20.299679040908813, 0.0
1.105491113239419e6, 1.1030930533126153e6, 20.30009698867798, 0.0
1.105491113239419e6, 1.1030932826036343e6, 20.300517082214355, 0.0
1.105491113239419e6, 1.1030933508429371e6, 20.301027059555054, 0.0
1.105491113239419e6, 1.1031026523626202e6, 20.301496982574463, 0.0
1.105491113239419e6, 1.1031029099907423e6, 20.752487897872925, 0.0
1.105491113239419e6, 1.1031043279849854e6, 20.753093004226685, 0.0
1.105491113239419e6, 1.10310535726162e6, 20.753500938415527, 0.0
1.105491113239419e6, 1.1031054064994073e6, 20.754036903381348, 0.0
1.105491113239419e6, 1.1031062483114202e6, 20.754059076309204, 0.0
1.105491113239419e6, 1.1031069986773836e6, 20.754486083984375, 0.0
1.105491113239419e6, 1.1031077815900315e6, 20.754918098449707, 0.0
1.105491113239419e6, 1.1031079555445055e6, 20.755395889282227, 0.0
1.105491113239419e6, 1.103117111052149e6, 20.755868911743164, 0.0
1.105491113239419e6, 1.1031192429758406e6, 20.756000995635986, 0.0
1.105491113239419e6, 1.103123209847303e6, 20.756051063537598, 0.0
1.105491113239419e6, 1.1031232098475432e6, 21.244636058807373, 0.0
1.105491113239419e6, 1.103124493341311e6, 21.244668006896973, 0.0
1.105491113239419e6, 1.1031268428371174e6, 21.245179891586304, 0.0
1.105491113239419e6, 1.1031272961962754e6, 21.245644092559814, 0.0
1.105491113239419e6, 1.1031275177677853e6, 21.24611186981201, 0.0
1.105491113239419e6, 1.1031285380168573e6, 21.24645686149597, 0.0
1.105491113239419e6, 1.1031285805925038e6, 21.24686598777771, 0.0
1.105491113239419e6, 1.1031287777754737e6, 21.24727988243103, 0.0
1.105491113239419e6, 1.103132064604304e6, 21.247698068618774, 0.0
1.105491113239419e6, 1.1031423524045919e6, 21.247710943222046, 0.0
1.105491113239419e6, 1.1031424720959426e6, 22.940244913101196, 0.0
1.105491113239419e6, 1.1031431842812577e6, 22.9407320022583, 0.0
1.105491113239419e6, 1.1031444539269456e6, 22.94119691848755, 0.0
1.105491113239419e6, 1.103144728614603e6, 22.94164800643921, 0.0
1.105491113239419e6, 1.1031448090735942e6, 22.94205594062805, 0.0
1.105491113239419e6, 1.10314552103787e6, 22.94253396987915, 0.0
1.105491113239419e6, 1.1031459999876665e6, 22.94292402267456, 0.0
1.105491113239419e6, 1.1031460388709868e6, 22.943295001983643, 0.0
1.105491113239419e6, 1.1031589552551825e6, 22.943301916122437, 0.0
1.105491113239419e6, 1.10315898301344e6, 23.39134693145752, 0.0
1.105491113239419e6, 1.1031615788106965e6, 23.391418933868408, 0.0
1.105491113239419e6, 1.1031618766258603e6, 23.39194393157959, 0.0
1.105491113239419e6, 1.1031627126180956e6, 23.39233899116516, 0.0
1.105491113239419e6, 1.1031631962978316e6, 23.39283800125122, 0.0
1.105491113239419e6, 1.103163363582496e6, 23.393271923065186, 0.0
1.105491113239419e6, 1.1031640019667111e6, 23.3936870098114, 0.0
1.105491113239419e6, 1.103164097483378e6, 23.394178867340088, 0.0
1.105491113239419e6, 1.1031677533929602e6, 23.394624948501587, 0.0
1.105491113239419e6, 1.103173976951997e6, 23.3946590423584, 0.0
1.105491113239419e6, 1.1031830430519818e6, 23.394772052764893, 0.0
1.105491113239419e6, 1.1031841051160768e6, 23.920775890350342, 0.0
1.105491113239419e6, 1.1031842145282626e6, 23.92131495475769, 0.0
1.105491113239419e6, 1.103184298170524e6, 23.92168688774109, 0.0
1.105491113239419e6, 1.10318482605415e6, 23.922087907791138, 0.0
1.105491113239419e6, 1.103185355567851e6, 23.92240595817566, 0.0
1.105491113239419e6, 1.103185934883976e6, 23.922817945480347, 0.0
1.105491113239419e6, 1.1031859435069177e6, 23.92320704460144, 0.0
1.105491113239419e6, 1.1031923714062395e6, 23.92345690727234, 0.0
1.105491113239419e6, 1.1031939037525977e6, 24.387096881866455, 0.0
1.105491113239419e6, 1.1031959721805323e6, 24.38767695426941, 0.0
1.105491113239419e6, 1.1031972663347838e6, 24.388197898864746, 0.0
1.105491113239419e6, 1.1031984272505906e6, 24.38866400718689, 0.0
1.105491113239419e6, 1.1031993483753607e6, 24.3891339302063, 0.0
1.105491113239419e6, 1.1032003474548813e6, 24.389605045318604, 0.0
1.105491113239419e6, 1.1032008054104967e6, 24.390079021453857, 0.0
1.105491113239419e6, 1.1032114742931218e6, 24.390559911727905, 0.0
1.105491113239419e6, 1.1032118874239232e6, 24.881299018859863, 0.0
1.105491113239419e6, 1.1032119415886863e6, 24.88187003135681, 0.0
1.105491113239419e6, 1.103212934986724e6, 24.882267951965332, 0.0
1.105491113239419e6, 1.1032129876116414e6, 24.88270902633667, 0.0
1.105491113239419e6, 1.1032140954933919e6, 24.88311505317688, 0.0
1.105491113239419e6, 1.1032142445669752e6, 24.883522033691406, 0.0
1.105491113239419e6, 1.1032156943582783e6, 24.883992910385132, 0.0
1.105491113239419e6, 1.1032255602701895e6, 24.884341955184937, 0.0
1.105491113239419e6, 1.1032302846587372e6, 24.884485006332397, 0.0
1.105491113239419e6, 1.10323203614691e6, 25.426231861114502, 0.0
1.105491113239419e6, 1.1032334750249498e6, 25.426982879638672, 0.0
1.105491113239419e6, 1.1032339588077161e6, 25.42751693725586, 0.0
1.105491113239419e6, 1.1032340279607503e6, 25.428054094314575, 0.0
1.105491113239419e6, 1.1032346249437584e6, 25.42856788635254, 0.0
1.105491113239419e6, 1.1032350376489342e6, 25.429099082946777, 0.0
1.105491113239419e6, 1.1032352744713617e6, 25.42972707748413, 0.0
1.105491113239419e6, 1.1032555616939291e6, 25.430257081985474, 0.0
1.105491113239419e6, 1.1032560845006595e6, 25.938987970352173, 0.0
1.105491113239419e6, 1.1032566468745947e6, 25.939204931259155, 0.0
1.105491113239419e6, 1.1032577233508278e6, 25.93965196609497, 0.0
1.105491113239419e6, 1.103257988542489e6, 25.940097093582153, 0.0
1.105491113239419e6, 1.1032591411595654e6, 25.940386056900024, 0.0
1.105491113239419e6, 1.1032601644822077e6, 25.94072699546814, 0.0
1.105491113239419e6, 1.1032602817896463e6, 25.94076704978943, 0.0
1.105491113239419e6, 1.1032605637635558e6, 25.941077947616577, 0.0
1.105491113239419e6, 1.1032648074259867e6, 25.941456079483032, 0.0
1.105491113239419e6, 1.1032696668023819e6, 26.39812207221985, 0.0
1.105491113239419e6, 1.1032703594768916e6, 26.398741960525513, 0.0
1.105491113239419e6, 1.1032712118227575e6, 26.3991858959198, 0.0
1.105491113239419e6, 1.103271838148169e6, 26.399681091308594, 0.0
1.105491113239419e6, 1.103273841016e6, 26.400137901306152, 0.0
1.105491113239419e6, 1.1032742044542024e6, 26.400583028793335, 0.0
1.105491113239419e6, 1.1032748375163656e6, 26.40109896659851, 0.0
1.105491113239419e6, 1.1032956487084453e6, 26.40175700187683, 0.0
1.105491113239419e6, 1.103297094886473e6, 26.886059999465942, 0.0
1.105491113239419e6, 1.10329738742908e6, 26.88660192489624, 0.0
1.105491113239419e6, 1.1032974094557134e6, 26.887008905410767, 0.0
1.105491113239419e6, 1.1032982451346132e6, 26.887471914291382, 0.0
1.105491113239419e6, 1.1032987143219854e6, 26.88779592514038, 0.0
1.105491113239419e6, 1.1032987273377073e6, 26.888081073760986, 0.0
1.105491113239419e6, 1.1032993091662256e6, 26.888494968414307, 0.0
1.105491113239419e6, 1.1033028016250588e6, 26.888910055160522, 0.0
1.105491113239419e6, 1.1033034356873608e6, 26.8889799118042, 0.0
1.105491113239419e6, 1.1033093108461422e6, 26.888992071151733, 0.0
1.105491113239419e6, 1.1033113960408627e6, 26.8891019821167, 0.0
1.105491113239419e6, 1.1033155703007737e6, 28.78757095336914, 0.0
1.105491113239419e6, 1.1033162284486205e6, 28.7881600856781, 0.0
1.105491113239419e6, 1.1033166832978213e6, 28.78854990005493, 0.0
1.105491113239419e6, 1.1033178020795018e6, 28.788958072662354, 0.0
1.105491113239419e6, 1.103318016804991e6, 28.78937292098999, 0.0
1.105491113239419e6, 1.1033190845308048e6, 28.789855003356934, 0.0
1.105491113239419e6, 1.1033195186188358e6, 28.790281057357788, 0.0
1.105491113239419e6, 1.1033387289448022e6, 28.790723085403442, 0.0
1.105491113239419e6, 1.1033401154407684e6, 29.237730026245117, 0.0
1.105491113239419e6, 1.1033420937481755e6, 29.238380908966064, 0.0
1.105491113239419e6, 1.1033423789485246e6, 29.238823890686035, 0.0
1.105491113239419e6, 1.103343201625321e6, 29.239331007003784, 0.0
1.105491113239419e6, 1.1033438351234847e6, 29.239763021469116, 0.0
1.105491113239419e6, 1.1033438505428552e6, 29.240238904953003, 0.0
1.105491113239419e6, 1.103344548632929e6, 29.240700006484985, 0.0
1.105491113239419e6, 1.1033519653272177e6, 29.241174936294556, 0.0
1.105491113239419e6, 1.1033603549541205e6, 29.241358995437622, 0.0
1.105491113239419e6, 1.1033674067963744e6, 29.241463899612427, 0.0
1.105491113239419e6, 1.103367656254065e6, 29.773319959640503, 0.0
1.105491113239419e6, 1.1033685602904228e6, 29.773911952972412, 0.0
1.105491113239419e6, 1.1033689205453182e6, 29.774345874786377, 0.0
1.105491113239419e6, 1.1033690492757137e6, 29.77482795715332, 0.0
1.105491113239419e6, 1.103369257649053e6, 29.775259971618652, 0.0
1.105491113239419e6, 1.1033710742984167e6, 29.775644063949585, 0.0
1.105491113239419e6, 1.1033710927451465e6, 29.776052951812744, 0.0
1.105491113239419e6, 1.103389590968807e6, 29.77643394470215, 0.0
1.105491113239419e6, 1.1033915191457309e6, 30.222668886184692, 0.0
1.105491113239419e6, 1.1033941350712816e6, 30.22367286682129, 0.0
1.105491113239419e6, 1.10339467984764e6, 30.224390983581543, 0.0
1.105491113239419e6, 1.1033956162324857e6, 30.22488808631897, 0.0
1.105491113239419e6, 1.1033957023980028e6, 30.22532892227173, 0.0
1.105491113239419e6, 1.1033965670519671e6, 30.22534489631653, 0.0
1.105491113239419e6, 1.1033966758090153e6, 30.225815057754517, 0.0
1.105491113239419e6, 1.1033969823894762e6, 30.22624707221985, 0.0
1.105491113239419e6, 1.1034052158684356e6, 30.22669005393982, 0.0
1.105491113239419e6, 1.1034170350013163e6, 30.226810932159424, 0.0
1.105491113239419e6, 1.10341898191652e6, 30.698018074035645, 0.0
1.105491113239419e6, 1.1034194583727333e6, 30.698611974716187, 0.0
1.105491113239419e6, 1.1034204220292426e6, 30.699066877365112, 0.0
1.105491113239419e6, 1.1034211352445518e6, 30.699527978897095, 0.0
1.105491113239419e6, 1.1034214052830567e6, 30.699918031692505, 0.0
1.105491113239419e6, 1.1034219701811431e6, 30.70026993751526, 0.0
1.105491113239419e6, 1.1034221509049702e6, 30.700641870498657, 0.0
1.105491113239419e6, 1.1034423910021626e6, 30.701199054718018, 0.0
1.105491113239419e6, 1.103448869666339e6, 30.7014319896698, 0.0
1.105491113239419e6, 1.1034497669352973e6, 30.701525926589966, 0.0
1.105491113239419e6, 1.1034499137386482e6, 31.1304829120636, 0.0
1.105491113239419e6, 1.103451168925232e6, 31.131092071533203, 0.0
1.105491113239419e6, 1.103451461622326e6, 31.13153600692749, 0.0
1.105491113239419e6, 1.1034541612357507e6, 31.131980895996094, 0.0
1.105491113239419e6, 1.1034549422479456e6, 31.132417917251587, 0.0
1.105491113239419e6, 1.1034549966362678e6, 31.132438898086548, 0.0
1.105491113239419e6, 1.1034550649346735e6, 31.13286590576172, 0.0
1.105491113239419e6, 1.1034551055105436e6, 31.133312940597534, 0.0
1.105491113239419e6, 1.103458822030543e6, 31.133734941482544, 0.0
1.105491113239419e6, 1.1034721945623395e6, 31.133742094039917, 0.0
1.105491113239419e6, 1.1034784748191263e6, 31.13396906852722, 0.0
1.105491113239419e6, 1.1034807494624162e6, 31.597518920898438, 0.0
1.105491113239419e6, 1.1034812252615362e6, 31.598116874694824, 0.0
1.105491113239419e6, 1.1034824532624274e6, 31.59858989715576, 0.0
1.105491113239419e6, 1.1034829466668349e6, 31.599063873291016, 0.0
1.105491113239419e6, 1.1034843869672525e6, 31.599421977996826, 0.0
1.105491113239419e6, 1.1034844889088322e6, 31.59982204437256, 0.0
1.105491113239419e6, 1.103484492048313e6, 31.600193977355957, 0.0
1.105491113239419e6, 1.1034946982808153e6, 31.600563049316406, 0.0
1.105491113239419e6, 1.1035008762917246e6, 31.600637912750244, 0.0
1.105491113239419e6, 1.1035077000398485e6, 31.600730895996094, 0.0
1.105491113239419e6, 1.1035089940658002e6, 32.025266885757446, 0.0
1.105491113239419e6, 1.103509124436663e6, 32.025830030441284, 0.0
1.105491113239419e6, 1.1035094231095044e6, 32.026355028152466, 0.0
1.105491113239419e6, 1.1035095086850463e6, 32.02678108215332, 0.0
1.105491113239419e6, 1.103510975856004e6, 32.02718901634216, 0.0
1.105491113239419e6, 1.1035111194966254e6, 32.02757406234741, 0.0
1.105491113239419e6, 1.1035112466274018e6, 32.02800703048706, 0.0
1.105491113239419e6, 1.1035125863141988e6, 32.028428077697754, 0.0
1.105491113239419e6, 1.1035373216723327e6, 32.02847599983215, 0.0
1.105491113239419e6, 1.1035376344605607e6, 32.47351598739624, 0.0
1.105491113239419e6, 1.103537674177336e6, 32.47407293319702, 0.0
1.105491113239419e6, 1.1035384217032744e6, 32.47453999519348, 0.0
1.105491113239419e6, 1.1035385766089982e6, 32.47499203681946, 0.0
1.105491113239419e6, 1.103538752999876e6, 32.47538208961487, 0.0
1.105491113239419e6, 1.1035388144034476e6, 32.47575902938843, 0.0
1.105491113239419e6, 1.1035388781269356e6, 32.476197957992554, 0.0
1.105491113239419e6, 1.1035662376559826e6, 32.47664189338684, 0.0
1.105491113239419e6, 1.1035668539601339e6, 32.47700309753418, 0.0
1.105491113239419e6, 1.1035676527659537e6, 32.90574789047241, 0.0
1.105491113239419e6, 1.1035688481590035e6, 32.905776023864746, 0.0
1.105491113239419e6, 1.103569466227779e6, 32.90631699562073, 0.0
1.105491113239419e6, 1.1035698506214703e6, 32.906769037246704, 0.0
1.105491113239419e6, 1.1035700301726072e6, 32.9072060585022, 0.0
1.105491113239419e6, 1.1035710858486325e6, 32.907634019851685, 0.0
1.105491113239419e6, 1.1035711937381702e6, 32.908108949661255, 0.0
1.105491113239419e6, 1.103571972286696e6, 32.90852499008179, 0.0
1.105491113239419e6, 1.1035843233251113e6, 32.908987045288086, 0.0
1.105491113239419e6, 1.1035978996640681e6, 32.90923595428467, 0.0
1.105491113239419e6, 1.1036006568135198e6, 32.909390926361084, 0.0
1.105491113239419e6, 1.1036032645564533e6, 34.192497968673706, 0.0
1.105491113239419e6, 1.1036039863237224e6, 36.64864897727966, 0.0
1.105491113239419e6, 1.1036045640618647e6, 36.65677189826965, 0.0
1.105491113239419e6, 1.1036053811094041e6, 36.659668922424316, 0.0
1.105491113239419e6, 1.103605818176778e6, 36.662678956985474, 0.0
1.105491113239419e6, 1.10360588295199e6, 36.6656219959259, 0.0
1.105491113239419e6, 1.1036061927205317e6, 36.671284914016724, 0.0
1.1054725836304012e6, 1.1036061927205317e6, 36.67550086975098, 0.0
1.1054725836304012e6, 1.1036075472826932e6, 36.675896883010864, 0.0
1.1054725836304012e6, 1.103613711835952e6, 36.67908692359924, 0.0
1.1054725836304012e6, 1.103620203342647e6, 36.67910289764404, 0.0
1.1054725836304012e6, 1.1036257604983035e6, 36.67911696434021, 0.0
1.1054725836304012e6, 1.1036345417652444e6, 36.67934203147888, 0.0
1.1054725836304012e6, 1.1036349631429685e6, 36.67944693565369, 0.0
1.1054725836304012e6, 1.1036365712132438e6, 36.67945098876953, 0.0
1.1054725836304012e6, 1.1036507103053653e6, 36.67948603630066, 0.0
1.1054725836304012e6, 1.1036618514996397e6, 36.679890871047974, 0.0
1.1054725836304012e6, 1.103668704115639e6, 36.68009090423584, 0.0
1.1054725836304012e6, 1.103670412598401e6, 36.68015503883362, 0.0
1.1054725836304012e6, 1.1036777358815446e6, 36.68027997016907, 0.0
1.1054725836304012e6, 1.1036782615375945e6, 37.09998106956482, 0.0
1.1054725836304012e6, 1.103678398993319e6, 37.10033702850342, 0.0
1.1054725836304012e6, 1.103687970926755e6, 37.10178208351135, 0.0
1.1054725836304012e6, 1.103688479362318e6, 37.47597908973694, 0.0
1.1054725836304012e6, 1.1036895583944533e6, 37.47655987739563, 0.0
1.1054725836304012e6, 1.1036903081477368e6, 37.476953983306885, 0.0
1.1054725836304012e6, 1.1036912379188174e6, 37.477346897125244, 0.0
1.1054725836304012e6, 1.1037070777269246e6, 37.47891902923584, 0.0
1.1054725836304012e6, 1.1037189089022113e6, 37.47906804084778, 0.0
1.1054725836304012e6, 1.1037189724108903e6, 37.87538194656372, 0.0
1.1054725836304012e6, 1.1037189755641483e6, 37.87590193748474, 0.0
1.1054725836304012e6, 1.1037189755649331e6, 37.87627696990967, 0.0
1.1054725836304012e6, 1.1037201905768013e6, 37.87636089324951, 0.0
1.1054725836304012e6, 1.1037202630888824e6, 37.87665891647339, 0.0
1.1054725836304012e6, 1.1037203624579823e6, 37.87701106071472, 0.0
1.1054725836304012e6, 1.103720535581391e6, 37.8774778842926, 0.0
1.1054725836304012e6, 1.1037210379122482e6, 37.87788486480713, 0.0
1.1054725836304012e6, 1.1037315899730248e6, 37.87828207015991, 0.0
1.1054725836304012e6, 1.103732397681293e6, 37.878373861312866, 0.0
1.1054725836304012e6, 1.1037329337419781e6, 37.878397941589355, 0.0
1.1054725836304012e6, 1.1037342915237194e6, 37.878445863723755, 0.0
1.1054725836304012e6, 1.1037420261765316e6, 37.87844896316528, 0.0
1.1054725836304012e6, 1.1037421099827238e6, 38.265933990478516, 0.0
1.1054725836304012e6, 1.1037429159230834e6, 38.26650309562683, 0.0
1.1054725836304012e6, 1.1037430086364266e6, 38.26695394515991, 0.0
1.1054725836304012e6, 1.1037436768440574e6, 38.26742601394653, 0.0
1.1054725836304012e6, 1.1037438652115217e6, 38.268450021743774, 0.0
1.1054725836304012e6, 1.1037439209330399e6, 38.26887798309326, 0.0
1.1054725836304012e6, 1.1037442337095274e6, 38.26953601837158, 0.0
1.1054725836304012e6, 1.1037562873091085e6, 38.27001690864563, 0.0
1.1054725836304012e6, 1.1037640598269042e6, 38.270122051239014, 0.0
1.1054725836304012e6, 1.1037697071971626e6, 38.270334005355835, 0.0
1.1054725836304012e6, 1.1037718408879256e6, 40.04013705253601, 0.0
1.1054725836304012e6, 1.1037728290734743e6, 40.040777921676636, 0.0
1.1054725836304012e6, 1.103773546997542e6, 40.04119801521301, 0.0
1.1054725836304012e6, 1.1037743128772227e6, 40.04159498214722, 0.0
1.1054725836304012e6, 1.1037743557079332e6, 40.04205894470215, 0.0
1.1054725836304012e6, 1.103774767803731e6, 40.04251408576965, 0.0
1.1054725836304012e6, 1.1037749511936235e6, 40.042941093444824, 0.0
1.1054725836304012e6, 1.1037912024976716e6, 40.043395042419434, 0.0
1.1054725836304012e6, 1.1038013773501574e6, 40.04360890388489, 0.0
1.1054725836304012e6, 1.1038025836179995e6, 40.51024389266968, 0.0
1.1054725836304012e6, 1.1038044174191016e6, 40.510833978652954, 0.0
1.1054725836304012e6, 1.103804975398628e6, 40.511147022247314, 0.0
1.1054725836304012e6, 1.10380497539894e6, 40.511455059051514, 0.0
1.1054725836304012e6, 1.1038054910285433e6, 40.51146197319031, 0.0
1.1054725836304012e6, 1.1038065724174324e6, 40.51191806793213, 0.0
1.1054725836304012e6, 1.103807413858184e6, 40.51233386993408, 0.0
1.1054725836304012e6, 1.1038078529965705e6, 40.51274490356445, 0.0
1.1054725836304012e6, 1.1038346825583405e6, 40.513110876083374, 0.0
1.1054725836304012e6, 1.1038360765242393e6, 40.92472791671753, 0.0
1.1054725836304012e6, 1.1038365373486422e6, 40.92536997795105, 0.0
1.1054725836304012e6, 1.103837205618948e6, 40.92586898803711, 0.0
1.1054725836304012e6, 1.103838065640513e6, 40.92628502845764, 0.0
1.1054725836304012e6, 1.1038385081476334e6, 40.92669606208801, 0.0
1.1054725836304012e6, 1.1038385459163468e6, 40.9271719455719, 0.0
1.1054725836304012e6, 1.103838774048117e6, 40.927623987197876, 0.0
1.1054725836304012e6, 1.1038473259600075e6, 40.928009033203125, 0.0
1.1054725836304012e6, 1.1038674118044164e6, 40.928109884262085, 0.0
1.1054725836304012e6, 1.1038683262054967e6, 41.3741500377655, 0.0
1.1054725836304012e6, 1.1038686294715814e6, 41.37459087371826, 0.0
1.1054725836304012e6, 1.1038690107370212e6, 41.37497901916504, 0.0
1.1054725836304012e6, 1.1038691515016113e6, 41.37543797492981, 0.0
1.1054725836304012e6, 1.103869237312691e6, 41.375895977020264, 0.0
1.1054725836304012e6, 1.103869868596755e6, 41.37593603134155, 0.0
1.1054725836304012e6, 1.1038699908507685e6, 41.37640595436096, 0.0
1.1054725836304012e6, 1.1038702197091111e6, 41.37673592567444, 0.0
1.1054725836304012e6, 1.1038798529319498e6, 41.37703490257263, 0.0
1.1054725836304012e6, 1.1038955475429678e6, 41.377147912979126, 0.0
1.1054725836304012e6, 1.1038964565943924e6, 41.77391600608826, 0.0
1.1054725836304012e6, 1.103897389128384e6, 41.77443790435791, 0.0
1.1054725836304012e6, 1.103898128681272e6, 41.77492809295654, 0.0
1.1054725836304012e6, 1.1038984146529054e6, 41.77534198760986, 0.0
1.1054725836304012e6, 1.1038992153409428e6, 41.77582001686096, 0.0
1.1054725836304012e6, 1.1038995521748862e6, 41.77630305290222, 0.0
1.1054725836304012e6, 1.1038996234467947e6, 41.77683997154236, 0.0
1.1054725836304012e6, 1.1039123609077313e6, 41.77734088897705, 0.0
1.1054725836304012e6, 1.10391690604802e6, 41.77747988700867, 0.0
1.1054725836304012e6, 1.103916917082624e6, 41.777567863464355, 0.0
1.1054725836304012e6, 1.1039272236978132e6, 41.77765703201294, 0.0
1.1054725836304012e6, 1.1039285491716235e6, 42.38375496864319, 0.0
1.1054725836304012e6, 1.1039286112335052e6, 42.38448190689087, 0.0
1.1054725836304012e6, 1.1039315579368654e6, 42.38501787185669, 0.0
1.1054725836304012e6, 1.1039318268122242e6, 42.38558101654053, 0.0
1.1054725836304012e6, 1.103932184860582e6, 42.38613295555115, 0.0
1.1054725836304012e6, 1.1039322311351183e6, 42.38675093650818, 0.0
1.1054725836304012e6, 1.103932806866772e6, 42.387388944625854, 0.0
1.1054725836304012e6, 1.1039636051853641e6, 42.388001918792725, 0.0
1.1054725836304012e6, 1.1039702180883463e6, 42.388307094573975, 0.0
1.1054725836304012e6, 1.1039714232064898e6, 42.80657696723938, 0.0
1.1054725836304012e6, 1.1039718989812462e6, 42.80719590187073, 0.0
1.1054725836304012e6, 1.1039720078687617e6, 42.807724952697754, 0.0
1.1054725836304012e6, 1.1039723142486315e6, 42.808242082595825, 0.0
1.1054725836304012e6, 1.1039725882295968e6, 42.808680057525635, 0.0
1.1054725836304012e6, 1.103972812838144e6, 42.809216022491455, 0.0
1.1054725836304012e6, 1.1039732802557256e6, 42.809699058532715, 0.0
1.1054725836304012e6, 1.1040051636309458e6, 42.81017303466797, 0.0
1.1054725836304012e6, 1.1040062722341612e6, 43.229681968688965, 0.0
1.1054725836304012e6, 1.1040073237242426e6, 43.23033094406128, 0.0
1.1054725836304012e6, 1.1040093387406822e6, 43.23081994056702, 0.0
1.1054725836304012e6, 1.1040109361895265e6, 43.231240034103394, 0.0
1.1054725836304012e6, 1.104012337082269e6, 43.23171806335449, 0.0
1.1054725836304012e6, 1.1040124251870296e6, 43.232112884521484, 0.0
1.1054725836304012e6, 1.1040125583753805e6, 43.23240900039673, 0.0
1.1054725836304012e6, 1.104043069695179e6, 43.23284196853638, 0.0
1.1054725836304012e6, 1.1040446183265748e6, 43.65530300140381, 0.0
1.1054725836304012e6, 1.104046186396933e6, 43.65597200393677, 0.0
1.1054725836304012e6, 1.104046576592609e6, 43.656410932540894, 0.0
1.1054725836304012e6, 1.104046938017176e6, 43.656960010528564, 0.0
1.1054725836304012e6, 1.1040471440312031e6, 43.65737795829773, 0.0
1.1054725836304012e6, 1.1040471894691652e6, 43.657898902893066, 0.0
1.1054725836304012e6, 1.104048064509406e6, 43.6584210395813, 0.0
1.1054725836304012e6, 1.1040594630997307e6, 43.65884804725647, 0.0
1.1054725836304012e6, 1.104060486977143e6, 43.658968925476074, 0.0
1.1054725836304012e6, 1.1040812842583025e6, 43.659075021743774, 0.0
1.1054725836304012e6, 1.104082752664235e6, 44.111387968063354, 0.0
1.1054725836304012e6, 1.1040829102132495e6, 44.111998081207275, 0.0
1.1054725836304012e6, 1.104084293615353e6, 44.11231207847595, 0.0
1.1054725836304012e6, 1.1040847532089031e6, 44.11273908615112, 0.0
1.1054725836304012e6, 1.1040850445179373e6, 44.11322593688965, 0.0
1.1054725836304012e6, 1.1040851611791388e6, 44.11365795135498, 0.0
1.1054725836304012e6, 1.1040851731284044e6, 44.114108085632324, 0.0
1.1054725836304012e6, 1.1040945353611559e6, 44.11451196670532, 0.0
1.1054725836304012e6, 1.1041057855876856e6, 44.11465001106262, 0.0
1.1054725836304012e6, 1.10410896239526e6, 45.81388187408447, 0.0
1.1054725836304012e6, 1.1041091198647248e6, 45.81453990936279, 0.0
1.1054725836304012e6, 1.1041105841582997e6, 45.814996004104614, 0.0
1.1054725836304012e6, 1.104110715554995e6, 45.81545805931091, 0.0
1.1054725836304012e6, 1.104111778650946e6, 45.81583094596863, 0.0
1.1054725836304012e6, 1.1041118513338813e6, 45.816307067871094, 0.0
1.1054725836304012e6, 1.1041133987042434e6, 45.81675887107849, 0.0
1.1054725836304012e6, 1.1041214178690973e6, 45.817302942276, 0.0
1.1054725836304012e6, 1.1041300662927087e6, 45.81732487678528, 0.0
1.1054725836304012e6, 1.1041512367820924e6, 45.81742191314697, 0.0
1.1054725836304012e6, 1.1041514353122644e6, 46.2095890045166, 0.0
1.1054725836304012e6, 1.1041520851058539e6, 46.21022295951843, 0.0
1.1054725836304012e6, 1.1041520858348773e6, 46.210707902908325, 0.0
1.1054725836304012e6, 1.1041526350667987e6, 46.21120595932007, 0.0
1.1054725836304012e6, 1.1041534303505553e6, 46.21163988113403, 0.0
1.1054725836304012e6, 1.1041534408663427e6, 46.212197065353394, 0.0
1.1054725836304012e6, 1.1041538017841084e6, 46.21263408660889, 0.0
1.1054725836304012e6, 1.104160880913183e6, 46.21314597129822, 0.0
1.1054725836304012e6, 1.1041785108469697e6, 46.21319603919983, 0.0
1.1054725836304012e6, 1.1041789461945863e6, 46.21351099014282, 0.0
1.1054725836304012e6, 1.1041800295261552e6, 46.621427059173584, 0.0
1.1054725836304012e6, 1.1041809345123896e6, 46.62199687957764, 0.0
1.1054725836304012e6, 1.104181490695821e6, 46.622426986694336, 0.0
1.1054725836304012e6, 1.1041818312302215e6, 46.622885942459106, 0.0
1.1054725836304012e6, 1.1041828336915318e6, 46.623334884643555, 0.0
1.1054725836304012e6, 1.1041837468529013e6, 46.623777866363525, 0.0
1.1054725836304012e6, 1.104184116297516e6, 46.62423896789551, 0.0
1.1054725836304012e6, 1.1042012026166026e6, 46.62468409538269, 0.0
1.1054725836304012e6, 1.1042071236832726e6, 46.62482690811157, 0.0
1.1054725836304012e6, 1.1042080621984957e6, 47.00169086456299, 0.0
1.1054725836304012e6, 1.1042093050000898e6, 47.002357959747314, 0.0
1.1054725836304012e6, 1.1042095037843783e6, 47.002882957458496, 0.0
1.1054725836304012e6, 1.10421080037408e6, 47.00336790084839, 0.0
1.1054725836304012e6, 1.104211894390016e6, 47.00383186340332, 0.0
1.1054725836304012e6, 1.1042121925399692e6, 47.00452709197998, 0.0
1.1054725836304012e6, 1.104212638159073e6, 47.00508093833923, 0.0
1.1054725836304012e6, 1.104225289964386e6, 47.00551700592041, 0.0
1.1054725836304012e6, 1.104226772262541e6, 47.005589962005615, 0.0
1.1054725836304012e6, 1.1042338447755217e6, 47.005598068237305, 0.0
1.1054725836304012e6, 1.104234918619184e6, 47.00577688217163, 0.0
1.1054725836304012e6, 1.1042360884588182e6, 47.424264907836914, 0.0
1.1054725836304012e6, 1.1042366145456852e6, 47.4248628616333, 0.0
1.1054725836304012e6, 1.1042367743772883e6, 47.42527389526367, 0.0
1.1054725836304012e6, 1.1042372885051311e6, 47.42571401596069, 0.0
1.1054725836304012e6, 1.1042374516989796e6, 47.42609000205994, 0.0
1.1054725836304012e6, 1.10423750676453e6, 47.42648792266846, 0.0
1.1054725836304012e6, 1.1042380998468567e6, 47.426918029785156, 0.0
1.1054725836304012e6, 1.1042447416028942e6, 47.427366971969604, 0.0
1.1054725836304012e6, 1.1042654377077175e6, 47.42745304107666, 0.0
1.1054725836304012e6, 1.104266242683915e6, 47.427759885787964, 0.0
1.1054725836304012e6, 1.104267535728752e6, 47.81167507171631, 0.0
1.1054725836304012e6, 1.1042685881448553e6, 47.812325954437256, 0.0
1.1054725836304012e6, 1.104269908481297e6, 47.81281399726868, 0.0
1.1054725836304012e6, 1.1042700291533512e6, 47.81330990791321, 0.0
1.1054725836304012e6, 1.1042702843682482e6, 47.813812017440796, 0.0
1.1054725836304012e6, 1.104271193138677e6, 47.814290046691895, 0.0
1.1054725836304012e6, 1.1042713278158102e6, 47.81479787826538, 0.0
1.1054725836304012e6, 1.104275586273079e6, 47.815393924713135, 0.0
1.1054725836304012e6, 1.1042827944588377e6, 47.815486907958984, 0.0
1.1054725836304012e6, 1.1042867577354768e6, 47.815577030181885, 0.0
1.1054725836304012e6, 1.1042887573462871e6, 47.81560802459717, 0.0
1.1054725836304012e6, 1.104290198064739e6, 47.81569194793701, 0.0
1.1054725836304012e6, 1.1042933021549708e6, 47.81569504737854, 0.0
1.1054725836304012e6, 1.1042941242202148e6, 48.377251863479614, 0.0
1.1054725836304012e6, 1.1042946140980397e6, 48.378145933151245, 0.0
1.1054725836304012e6, 1.104295331952976e6, 48.378730058670044, 0.0
1.1054725836304012e6, 1.1042964123444094e6, 48.37938094139099, 0.0
1.1054725836304012e6, 1.104297373738842e6, 48.37996697425842, 0.0
1.1054725836304012e6, 1.1042987164446495e6, 48.3806688785553, 0.0
1.1054725836304012e6, 1.1042994304751537e6, 48.38130307197571, 0.0
1.1054725836304012e6, 1.104315192361688e6, 48.3820059299469, 0.0
1.1054725836304012e6, 1.1043202753048844e6, 48.382123947143555, 0.0
1.1054725836304012e6, 1.104334116895144e6, 48.38212704658508, 0.0
1.1054725836304012e6, 1.1043358226713084e6, 48.38244986534119, 0.0
1.1054725836304012e6, 1.1043373609709982e6, 48.736324071884155, 0.0
1.1054725836304012e6, 1.1043386708709884e6, 48.73698592185974, 0.0
1.1054725836304012e6, 1.10434004522868e6, 48.73741102218628, 0.0
1.1054725836304012e6, 1.1043407672469872e6, 48.73789691925049, 0.0
1.1054725836304012e6, 1.10434161910928e6, 48.738378047943115, 0.0
1.1054725836304012e6, 1.104342939058782e6, 48.73885703086853, 0.0
1.1054725836304012e6, 1.1043431846450279e6, 48.73929500579834, 0.0
1.1054725836304012e6, 1.1043577507575792e6, 48.73967409133911, 0.0
1.1054725836304012e6, 1.1043647633422823e6, 48.73983407020569, 0.0
1.1054725836304012e6, 1.104365947733146e6, 49.12915587425232, 0.0
1.1054725836304012e6, 1.1043661786952163e6, 49.12967395782471, 0.0
1.1054725836304012e6, 1.1043661885923515e6, 49.13007402420044, 0.0
1.1054725836304012e6, 1.10436705184307e6, 49.1305570602417, 0.0
1.1054725836304012e6, 1.1043672366663176e6, 49.131000995635986, 0.0
1.1054725836304012e6, 1.1043676821602532e6, 49.1313259601593, 0.0
1.1054725836304012e6, 1.104368276843713e6, 49.13173198699951, 0.0
1.1054725836304012e6, 1.104368276844231e6, 49.13221001625061, 0.0
1.1054725836304012e6, 1.1043785642042886e6, 49.132216930389404, 0.0
1.1054725836304012e6, 1.1043838679885233e6, 49.132351875305176, 0.0
1.1054725836304012e6, 1.1043884501959267e6, 49.13252401351929, 0.0
1.1054725836304012e6, 1.1043885304302867e6, 49.48640203475952, 0.0
1.1054725836304012e6, 1.1043897131164037e6, 49.4869909286499, 0.0
1.1054725836304012e6, 1.1043900450162485e6, 49.48745894432068, 0.0
1.1054725836304012e6, 1.104390191574777e6, 49.487993001937866, 0.0
1.1054725836304012e6, 1.1043908061402016e6, 49.488439083099365, 0.0
1.1054725836304012e6, 1.1043908463091971e6, 49.48892903327942, 0.0
1.1054725836304012e6, 1.104391066074716e6, 49.48944401741028, 0.0
1.1054725836304012e6, 1.104393672052163e6, 49.489940881729126, 0.0
1.1054725836304012e6, 1.1044048452241947e6, 49.48995494842529, 0.0
1.1054725836304012e6, 1.10440781702293e6, 49.49002289772034, 0.0
1.1054725836304012e6, 1.1044127552091356e6, 49.49017000198364, 0.0
1.1054725836304012e6, 1.104414719440899e6, 49.887125968933105, 0.0
1.1054725836304012e6, 1.104414817034217e6, 49.88715386390686, 0.0
1.1054725836304012e6, 1.104415174928276e6, 49.88755202293396, 0.0
1.1054725836304012e6, 1.1044211766356898e6, 49.88796091079712, 0.0
1.1054725836304012e6, 1.1044316365467429e6, 49.88807201385498, 0.0
1.105472359063367e6, 1.1044316365467429e6, 51.202337980270386, 0.0
1.105472359063367e6, 1.1044323008289635e6, 51.569273948669434, 0.0
1.105472359063367e6, 1.104432468085961e6, 51.56991505622864, 0.0
1.105472359063367e6, 1.1044326797229939e6, 51.57034707069397, 0.0
1.105472359063367e6, 1.1044332109374148e6, 51.570777893066406, 0.0
1.105472359063367e6, 1.1044332226236977e6, 51.57119607925415, 0.0
1.105472359063367e6, 1.1044337409015934e6, 51.57163691520691, 0.0
1.105472359063367e6, 1.1044337481599816e6, 51.572062969207764, 0.0
1.105472359063367e6, 1.1044361844106806e6, 51.57249593734741, 0.0
1.105472359063367e6, 1.10444383840897e6, 51.572530031204224, 0.0
1.105472359063367e6, 1.10444529815741e6, 51.92040300369263, 0.0
1.105472359063367e6, 1.1044459674806616e6, 51.92097997665405, 0.0
1.105472359063367e6, 1.1044469771801657e6, 51.921446084976196, 0.0
1.105472359063367e6, 1.1044486579374268e6, 51.92196702957153, 0.0
1.105472359063367e6, 1.104449263860365e6, 51.922404050827026, 0.0
1.105472359063367e6, 1.104449998685842e6, 51.92285108566284, 0.0
1.105472359063367e6, 1.1044500898778115e6, 51.92331099510193, 0.0
1.105472359063367e6, 1.104469364889228e6, 51.92385506629944, 0.0
1.105472359063367e6, 1.1044700071061032e6, 52.31005096435547, 0.0
1.105472359063367e6, 1.1044702346488135e6, 52.310646057128906, 0.0
1.105472359063367e6, 1.1044713527942712e6, 52.31105995178223, 0.0
1.105472359063367e6, 1.1044723788236207e6, 52.31139898300171, 0.0
1.105472359063367e6, 1.1044737429671718e6, 52.31175398826599, 0.0
1.105472359063367e6, 1.1044751273493925e6, 52.31215691566467, 0.0
1.105472359063367e6, 1.1044759880258248e6, 52.312597036361694, 0.0
1.105472359063367e6, 1.104486954079991e6, 52.31298303604126, 0.0
1.105472359063367e6, 1.1044879568287411e6, 52.31310200691223, 0.0
1.105472359063367e6, 1.104491956669559e6, 52.313148975372314, 0.0
1.105472359063367e6, 1.104492987891676e6, 52.66014909744263, 0.0
1.105472359063367e6, 1.1044948055635265e6, 52.66069293022156, 0.0
1.105472359063367e6, 1.1044956952564747e6, 52.661072969436646, 0.0
1.105472359063367e6, 1.1044957553426768e6, 52.661547899246216, 0.0
1.105472359063367e6, 1.104496648786611e6, 52.66194987297058, 0.0
1.105472359063367e6, 1.1044967284449101e6, 52.662420988082886, 0.0
1.105472359063367e6, 1.1044967992139831e6, 52.662869930267334, 0.0
1.105472359063367e6, 1.1045060064541947e6, 52.6633460521698, 0.0
1.105472359063367e6, 1.1045137221844073e6, 52.66349792480469, 0.0
1.105472359063367e6, 1.104514970032775e6, 53.043931007385254, 0.0
1.105472359063367e6, 1.1045151547777154e6, 53.04450988769531, 0.0
1.105472359063367e6, 1.1045151995025363e6, 53.044955015182495, 0.0
1.105472359063367e6, 1.1045159481639673e6, 53.04523587226868, 0.0
1.105472359063367e6, 1.1045160649973315e6, 53.04570007324219, 0.0
1.105472359063367e6, 1.1045162703217224e6, 53.04614806175232, 0.0
1.105472359063367e6, 1.104516345753273e6, 53.046627044677734, 0.0
1.105472359063367e6, 1.1045231605056154e6, 53.04708504676819, 0.0
1.105472359063367e6, 1.104523283252721e6, 53.04720091819763, 0.0
1.105472359063367e6, 1.1045263068645364e6, 53.04720401763916, 0.0
1.105472359063367e6, 1.1045280457238473e6, 53.047268867492676, 0.0
1.105472359063367e6, 1.1045284954484168e6, 53.39374589920044, 0.0
1.105472359063367e6, 1.1045292064567073e6, 53.39430809020996, 0.0
1.105472359063367e6, 1.1045299194749396e6, 53.394838094711304, 0.0
1.105472359063367e6, 1.1045305975031343e6, 53.395349979400635, 0.0
1.105472359063367e6, 1.1045306648312686e6, 53.395803928375244, 0.0
1.105472359063367e6, 1.10453099056277e6, 53.396185874938965, 0.0
1.105472359063367e6, 1.1045311318533786e6, 53.39667892456055, 0.0
1.105472359063367e6, 1.1045348078243837e6, 53.39716196060181, 0.0
1.105472359063367e6, 1.1045428097837842e6, 53.397193908691406, 0.0
1.105472359063367e6, 1.1045467066269894e6, 53.39731192588806, 0.0
1.105472359063367e6, 1.1045512654213952e6, 53.39733695983887, 0.0
1.105472359063367e6, 1.1045524912224745e6, 53.8310329914093, 0.0
1.105472359063367e6, 1.1045524912226396e6, 53.83141088485718, 0.0
1.105472359063367e6, 1.1045533918210492e6, 53.831429958343506, 0.0
1.105472359063367e6, 1.1045541276600535e6, 53.831871032714844, 0.0
1.105472359063367e6, 1.1045547011220388e6, 53.83233404159546, 0.0
1.105472359063367e6, 1.1045547035882818e6, 53.83276891708374, 0.0
1.105472359063367e6, 1.1045548102711036e6, 53.83319807052612, 0.0
1.105472359063367e6, 1.1045548855382556e6, 53.83383297920227, 0.0
1.105472359063367e6, 1.1045606301139635e6, 53.83390402793884, 0.0
1.105472359063367e6, 1.1045616556206946e6, 54.37620496749878, 0.0
1.105472359063367e6, 1.1045626776609505e6, 54.37700390815735, 0.0
1.105472359063367e6, 1.104563271726665e6, 54.377671003341675, 0.0
1.105472359063367e6, 1.1045640658109838e6, 54.37834286689758, 0.0
1.105472359063367e6, 1.104564671621057e6, 54.37914204597473, 0.0
1.105472359063367e6, 1.1045654444153777e6, 54.37987399101257, 0.0
1.105472359063367e6, 1.104566108189131e6, 54.380542039871216, 0.0
1.105472359063367e6, 1.1045810668953664e6, 54.3812210559845, 0.0
1.105472359063367e6, 1.1045901017249993e6, 54.381433963775635, 0.0
1.105472359063367e6, 1.104594981609e6, 54.381468057632446, 0.0
1.105472359063367e6, 1.1045952006314413e6, 54.742029905319214, 0.0
1.105472359063367e6, 1.104596266812106e6, 54.74254608154297, 0.0
1.105472359063367e6, 1.104596521479666e6, 54.74283003807068, 0.0
1.105472359063367e6, 1.1045966120990543e6, 54.74326801300049, 0.0
1.105472359063367e6, 1.10459698547882e6, 54.74360489845276, 0.0
1.105472359063367e6, 1.1045971483454744e6, 54.7440299987793, 0.0
1.105472359063367e6, 1.1045972846593e6, 54.74438691139221, 0.0
1.105472359063367e6, 1.1046038116491472e6, 54.74474501609802, 0.0
1.105472359063367e6, 1.104607598591507e6, 54.7449209690094, 0.0
1.105472359063367e6, 1.1046096035913709e6, 54.74505305290222, 0.0
1.105472359063367e6, 1.1046097243724847e6, 55.083231925964355, 0.0
1.105472359063367e6, 1.104610005980749e6, 55.084187030792236, 0.0
1.105472359063367e6, 1.1046102387682227e6, 55.08460807800293, 0.0
1.105472359063367e6, 1.1046106573088523e6, 55.08509588241577, 0.0
1.105472359063367e6, 1.1046107078187077e6, 55.085495948791504, 0.0
1.105472359063367e6, 1.1046112460859218e6, 55.085952043533325, 0.0
1.105472359063367e6, 1.1046114274468117e6, 55.086395025253296, 0.0
1.105472359063367e6, 1.1046266713250575e6, 55.08684492111206, 0.0
1.105472359063367e6, 1.104627174902613e6, 55.43210697174072, 0.0
1.105472359063367e6, 1.104627445113295e6, 55.43266201019287, 0.0
1.105472359063367e6, 1.1046281410052956e6, 55.433115005493164, 0.0
1.105472359063367e6, 1.1046281887289174e6, 55.4335150718689, 0.0
1.105472359063367e6, 1.1046284058336732e6, 55.43425393104553, 0.0
1.105472359063367e6, 1.1046285285799336e6, 55.43469786643982, 0.0
1.105472359063367e6, 1.1046285935836502e6, 55.43502402305603, 0.0
1.105472359063367e6, 1.1046372502444438e6, 55.43538808822632, 0.0
1.105472359063367e6, 1.1046380478956583e6, 55.764744997024536, 0.0
1.105472359063367e6, 1.104638885720454e6, 55.76537299156189, 0.0
1.105472359063367e6, 1.104639128019908e6, 55.76585292816162, 0.0
1.105472359063367e6, 1.1046391591565271e6, 55.76631808280945, 0.0
1.105472359063367e6, 1.1046391889621587e6, 55.76677107810974, 0.0
1.105472359063367e6, 1.1046392065764845e6, 55.76717805862427, 0.0
1.105472359063367e6, 1.1046394508521212e6, 55.76940107345581, 0.0
1.105472359063367e6, 1.1046444001845056e6, 55.76994800567627, 0.0
1.105472359063367e6, 1.104647609212832e6, 55.77004599571228, 0.0
1.105472359063367e6, 1.104651451792453e6, 55.77015805244446, 0.0
1.105420634837682e6, 1.104651451792453e6, 57.13592886924744, 0.0
1.105420634837682e6, 1.104652277125886e6, 57.46222996711731, 0.0
1.105420634837682e6, 1.1046528238813411e6, 57.46284508705139, 0.0
1.105420634837682e6, 1.1046539641435992e6, 57.46331596374512, 0.0
1.105420634837682e6, 1.1046548186856778e6, 57.46374797821045, 0.0
1.105420634837682e6, 1.1046548186872595e6, 57.46419405937195, 0.0
1.105420634837682e6, 1.1046553398861026e6, 57.464219093322754, 0.0
1.105420634837682e6, 1.1046560621338615e6, 57.464653968811035, 0.0
1.105420634837682e6, 1.1046560621351374e6, 57.465070962905884, 0.0
1.105420634837682e6, 1.1046565998722948e6, 57.46511793136597, 0.0
1.105420634837682e6, 1.1046674784953166e6, 57.46545886993408, 0.0
1.105420634837682e6, 1.1046692680869433e6, 57.46564793586731, 0.0
1.105420634837682e6, 1.1046699818901394e6, 57.836524963378906, 0.0
1.105420634837682e6, 1.1046704034121335e6, 57.83656907081604, 0.0
1.105420634837682e6, 1.1046710926512557e6, 57.83717203140259, 0.0
1.105420634837682e6, 1.1046718359614017e6, 57.83843398094177, 0.0
1.105420634837682e6, 1.1046725735476227e6, 57.83886408805847, 0.0
1.105420634837682e6, 1.1046735740788642e6, 57.839333057403564, 0.0
1.105420634837682e6, 1.10467402082185e6, 57.8397490978241, 0.0
1.105420634837682e6, 1.1046746654548007e6, 57.84015393257141, 0.0
1.105420634837682e6, 1.1046820406332796e6, 57.84052491188049, 0.0
1.105420634837682e6, 1.1046827032295123e6, 57.840616941452026, 0.0
1.105420634837682e6, 1.1046921293808743e6, 57.84062194824219, 0.0
1.105420634837682e6, 1.1046926335454697e6, 58.169748067855835, 0.0
1.105420634837682e6, 1.1046928138864974e6, 58.1703999042511, 0.0
1.105420634837682e6, 1.104692815804185e6, 58.17087507247925, 0.0
1.105420634837682e6, 1.104693044988757e6, 58.17135000228882, 0.0
1.105420634837682e6, 1.10469309377569e6, 58.17187690734863, 0.0
1.105420634837682e6, 1.10469326520706e6, 58.17237305641174, 0.0
1.105420634837682e6, 1.104693374730376e6, 58.17284798622131, 0.0
1.105420634837682e6, 1.1046948987741056e6, 58.17337107658386, 0.0
1.105420634837682e6, 1.104700492547119e6, 58.173393964767456, 0.0
1.105420634837682e6, 1.1047046750612864e6, 58.173444986343384, 0.0
1.105420634837682e6, 1.1047085246220888e6, 58.1734778881073, 0.0
1.105420634837682e6, 1.1047094046617742e6, 58.52732491493225, 0.0
1.105420634837682e6, 1.1047097578470889e6, 58.52786993980408, 0.0
1.105420634837682e6, 1.1047100717682482e6, 58.528244972229004, 0.0
1.105420634837682e6, 1.1047105559119983e6, 58.528526067733765, 0.0
1.105420634837682e6, 1.104710682811516e6, 58.52892088890076, 0.0
1.105420634837682e6, 1.104710891146261e6, 58.529354095458984, 0.0
1.105420634837682e6, 1.1047110957455337e6, 58.52980899810791, 0.0
1.105420634837682e6, 1.1047141269772823e6, 58.53028607368469, 0.0
1.105420634837682e6, 1.1047153384863667e6, 58.53033399581909, 0.0
1.105420634837682e6, 1.1047153384924668e6, 58.530354022979736, 0.0
1.105420634837682e6, 1.1047213959066544e6, 58.5303590297699, 0.0
1.105420634837682e6, 1.1047221610730332e6, 58.8559730052948, 0.0
1.105420634837682e6, 1.104722762367977e6, 58.85649299621582, 0.0
1.105420634837682e6, 1.1047238314450346e6, 58.856987953186035, 0.0
1.105420634837682e6, 1.1047247037540765e6, 58.857388973236084, 0.0
1.105420634837682e6, 1.1047253248911826e6, 58.857826948165894, 0.0
1.105420634837682e6, 1.1047258584470598e6, 58.858274936676025, 0.0
1.105420634837682e6, 1.1047258952963678e6, 58.85868191719055, 0.0
1.105420634837682e6, 1.1047261165084331e6, 58.85912799835205, 0.0
1.105420634837682e6, 1.1047304434724739e6, 58.85921096801758, 0.0
1.105420634837682e6, 1.1047325514231832e6, 58.85929894447327, 0.0
1.105420634837682e6, 1.104732993174137e6, 58.859304904937744, 0.0
1.105420634837682e6, 1.1047354912968865e6, 58.8594810962677, 0.0
1.105420634837682e6, 1.104736145749843e6, 59.20446991920471, 0.0
1.105420634837682e6, 1.104736709786815e6, 59.20483088493347, 0.0
1.105420634837682e6, 1.104736799037945e6, 59.205121994018555, 0.0
1.105420634837682e6, 1.1047372283922024e6, 59.20541286468506, 0.0
1.105420634837682e6, 1.104737233483358e6, 59.205775022506714, 0.0
1.105420634837682e6, 1.1047376417697796e6, 59.20622396469116, 0.0
1.105420634837682e6, 1.104737645966735e6, 59.20662593841553, 0.0
1.105420634837682e6, 1.1047376628224573e6, 59.20664095878601, 0.0
1.105420634837682e6, 1.1047380134376276e6, 59.20665192604065, 0.0
1.105420634837682e6, 1.1047426157144932e6, 59.20697808265686, 0.0
1.105420634837682e6, 1.104745406227329e6, 59.207046031951904, 0.0
1.105420634837682e6, 1.1047487513401427e6, 59.20707988739014, 0.0
1.105420634837682e6, 1.1047492626440902e6, 59.54403901100159, 0.0
1.105420634837682e6, 1.1047495646041657e6, 59.54458403587341, 0.0
1.105420634837682e6, 1.1047498933225519e6, 59.5450439453125, 0.0
1.105420634837682e6, 1.1047501369440497e6, 59.54548907279968, 0.0
1.105420634837682e6, 1.1047502719330036e6, 59.545937061309814, 0.0
1.105420634837682e6, 1.104750639723201e6, 59.546355962753296, 0.0
1.105420634837682e6, 1.1047507429220437e6, 59.54683303833008, 0.0
1.105420634837682e6, 1.1047583946723896e6, 59.5472629070282, 0.0
1.105420634837682e6, 1.1047611134245826e6, 59.54744601249695, 0.0
1.105420634837682e6, 1.1047616304497744e6, 59.547513008117676, 0.0
1.105420634837682e6, 1.1047626315986183e6, 59.54754590988159, 0.0
1.105420634837682e6, 1.1047639971755552e6, 59.547585010528564, 0.0
1.105420634837682e6, 1.1047646700626882e6, 59.885276079177856, 0.0
1.105420634837682e6, 1.1047651747353564e6, 59.88573908805847, 0.0
1.105420634837682e6, 1.104765431232356e6, 59.88606786727905, 0.0
1.105420634837682e6, 1.104765557770164e6, 59.88610005378723, 0.0
1.105420634837682e6, 1.1047657021929254e6, 59.88645887374878, 0.0
1.105420634837682e6, 1.1047658582353853e6, 59.88685703277588, 0.0
1.105420634837682e6, 1.1047659273727383e6, 59.887330055236816, 0.0
1.105420634837682e6, 1.1047659273734724e6, 59.887688875198364, 0.0
1.105420634837682e6, 1.104766053633003e6, 59.88770604133606, 0.0
1.105420634837682e6, 1.1047756157613306e6, 59.88811802864075, 0.0
1.105420634837682e6, 1.1047759119164294e6, 60.00450086593628, 0.0
1.105420634837682e6, 1.10477626360552e6, 60.00474405288696, 0.0
1.105420634837682e6, 1.104776500461373e6, 60.004929065704346, 0.0
1.105420634837682e6, 1.1047765121342554e6, 60.00516986846924, 0.0
1.105420634837682e6, 1.104776839844524e6, 60.005362033843994, 0.0
1.105420634837682e6, 1.1047768402813342e6, 60.00559687614441, 0.0
1.105420634837682e6, 1.1047769064005606e6, 60.00574803352356, 0.0
1.105420634837682e6, 1.1047835116420933e6, 60.00588297843933, 0.0
