ub,lb,time,src
1.1217086931296177e6, 1.0984583930760827e6, 0.3458678722381592, 0.0
1.1132411381421294e6, 1.1001956823582696e6, 0.3892638683319092, 0.0
1.1132411381421294e6, 1.1001969679407238e6, 0.39280009269714355, 0.0
1.1132411381421294e6, 1.1002061409914712e6, 0.4117460250854492, 0.0
1.1115061684064537e6, 1.1017719210366146e6, 0.44669508934020996, 0.0
1.1115061684064537e6, 1.1020959699952712e6, 0.4612009525299072, 0.0
1.1115061684064537e6, 1.102180407573296e6, 0.641510009765625, 0.0
1.1115061684064537e6, 1.1023071836382262e6, 0.6646609306335449, 0.0
1.1115061684064537e6, 1.1023778463381706e6, 0.6646809577941895, 0.0
1.1115061684064537e6, 1.1030375230921193e6, 0.6726269721984863, 0.0
1.1115061684064537e6, 1.1030456760428569e6, 0.6789519786834717, 0.0
1.1112130098164733e6, 1.1030456760428569e6, 0.878242015838623, 0.0
1.1109083689548168e6, 1.1030456760428569e6, 0.8978888988494873, 0.0
1.1109083689548168e6, 1.1032130776543014e6, 0.8979098796844482, 0.0
1.1109083689548168e6, 1.1032212082216947e6, 0.8979740142822266, 0.0
1.1108575598030738e6, 1.1032212082216947e6, 1.0287718772888184, 0.0
1.1101824194443177e6, 1.1032212082216947e6, 1.029695987701416, 0.0
1.1098596810993627e6, 1.1032212082216947e6, 1.0302529335021973, 0.0
1.108071447213539e6, 1.1032212082216947e6, 1.046849012374878, 0.0
1.108071447213539e6, 1.1032224564721666e6, 1.117548942565918, 0.0
1.108071447213539e6, 1.103229567727067e6, 1.1175870895385742, 0.0
1.108071447213539e6, 1.1033186989459898e6, 1.1175971031188965, 0.0
1.108071447213539e6, 1.1033649744200148e6, 1.1176018714904785, 0.0
1.108071447213539e6, 1.1034170486831272e6, 1.3030009269714355, 0.0
1.1079589489840374e6, 1.1034170486831272e6, 1.3039970397949219, 0.0
1.107579424018362e6, 1.1034170486831272e6, 1.3697879314422607, 0.0
1.107560431237698e6, 1.1034170486831272e6, 1.370378017425537, 0.0
1.107560431237698e6, 1.1034686659370856e6, 1.399540901184082, 0.0
1.107560431237698e6, 1.1034686814340763e6, 1.44423508644104, 0.0
1.1075319824973706e6, 1.1034686814340763e6, 1.444706916809082, 0.0
1.1075319824973706e6, 1.1034690900828976e6, 1.4447550773620605, 0.0
1.1069921891600965e6, 1.1034690900828976e6, 1.4455780982971191, 0.0
1.106956715348062e6, 1.1034690900828976e6, 2.7097699642181396, 0.0
1.106956715348062e6, 1.1035093988071096e6, 3.0472328662872314, 0.0
1.1067680663483627e6, 1.1035093988071096e6, 3.0477468967437744, 0.0
1.1065752843406093e6, 1.1035093988071096e6, 3.2081990242004395, 0.0
1.106427080908331e6, 1.1035093988071096e6, 3.2086610794067383, 0.0
1.106427080908331e6, 1.1035669851226967e6, 3.2362890243530273, 0.0
1.106427080908331e6, 1.1036440723332588e6, 3.2363200187683105, 0.0
1.106391343589379e6, 1.1036440723332588e6, 3.236928939819336, 0.0
1.1063896074886755e6, 1.1036440723332588e6, 3.237173080444336, 0.0
1.1063896074886755e6, 1.1037456062363635e6, 3.335824966430664, 0.0
1.1063896074886755e6, 1.10380002771036e6, 3.3890280723571777, 0.0
1.1063896074886755e6, 1.1038025952063792e6, 3.417125940322876, 0.0
1.1063896074886755e6, 1.1038033461675819e6, 3.417185068130493, 0.0
1.1063896074886755e6, 1.1038042641864333e6, 3.417249917984009, 0.0
1.1063896074886755e6, 1.103806453650052e6, 3.417253017425537, 0.0
1.1063896074886755e6, 1.103830534860717e6, 3.4172890186309814, 0.0
1.1063896074886755e6, 1.1038322490311817e6, 3.4173150062561035, 0.0
1.1063896074886755e6, 1.1038387177502462e6, 3.492464065551758, 0.0
1.1063896074886755e6, 1.1038796910949107e6, 3.530323028564453, 0.0
1.1063896074886755e6, 1.1038896719452085e6, 3.5743088722229004, 0.0
1.1063896074886755e6, 1.1038901561686427e6, 3.615817070007324, 0.0
1.1063896074886755e6, 1.1038985452585663e6, 3.6159019470214844, 0.0
1.1063896074886755e6, 1.1039036953253238e6, 3.7139699459075928, 0.0
1.1063896074886755e6, 1.103928363956454e6, 3.714005947113037, 0.0
1.1063896074886755e6, 1.1039345918989792e6, 3.7140519618988037, 0.0
1.1063896074886755e6, 1.1039380826006716e6, 3.7637240886688232, 0.0
1.1063896074886755e6, 1.1039454589058277e6, 3.763814926147461, 0.0
1.1063896074886755e6, 1.1039480882187022e6, 3.763875961303711, 0.0
1.1063896074886755e6, 1.1039508739838323e6, 3.763943910598755, 0.0
1.1063896074886755e6, 1.1039558564776632e6, 3.7639989852905273, 0.0
1.1063896074886755e6, 1.1039568810535131e6, 3.7640700340270996, 0.0
1.1063896074886755e6, 1.103958839173741e6, 4.2572290897369385, 0.0
1.1063896074886755e6, 1.103958949299236e6, 4.257313013076782, 0.0
1.1063896074886755e6, 1.103959597378955e6, 4.257406949996948, 0.0
1.1063896074886755e6, 1.1039598099660447e6, 4.257472038269043, 0.0
1.1063896074886755e6, 1.1039694052206688e6, 4.257562875747681, 0.0
1.1063896074886755e6, 1.1039701930476506e6, 4.257636070251465, 0.0
1.1063896074886755e6, 1.1039707978962197e6, 4.257699012756348, 0.0
1.1063896074886755e6, 1.1039756003011402e6, 4.257755994796753, 0.0
1.106371971989112e6, 1.1039756003011402e6, 4.25822901725769, 0.0
1.106371971989112e6, 1.103986843186851e6, 4.347946882247925, 0.0
1.106371971989112e6, 1.103988247548092e6, 4.348075866699219, 0.0
1.106371971989112e6, 1.1039929788043792e6, 4.348165988922119, 0.0
1.1060823212342816e6, 1.1039929788043792e6, 4.349334955215454, 0.0
1.1060823212342816e6, 1.103995663561705e6, 4.4508678913116455, 0.0
1.1060823212342816e6, 1.1040005788758942e6, 4.450972080230713, 0.0
1.1060823212342816e6, 1.1040034793329327e6, 4.451481103897095, 0.0
1.1060823212342816e6, 1.1040100887300859e6, 4.512224912643433, 0.0
1.1060823212342816e6, 1.1040154037592895e6, 4.512316942214966, 0.0
1.1060823212342816e6, 1.1040206041598767e6, 4.512408971786499, 0.0
1.1060823212342816e6, 1.1040246219402084e6, 4.512492895126343, 0.0
1.1060823212342816e6, 1.1040268210408492e6, 4.512573957443237, 0.0
1.1060823212342816e6, 1.1040276835304692e6, 4.512655019760132, 0.0
1.1060823212342816e6, 1.1040311418712053e6, 4.512737035751343, 0.0
1.1060823212342816e6, 1.1040342577968326e6, 4.512811899185181, 0.0
1.1060823212342816e6, 1.104035905698391e6, 4.582282066345215, 0.0
1.1060823212342816e6, 1.104038968562932e6, 4.582398891448975, 0.0
1.1060823212342816e6, 1.1040492755978024e6, 4.582505941390991, 0.0
1.1060823212342816e6, 1.1040503009578749e6, 4.582509994506836, 0.0
1.1060823212342816e6, 1.104051132940325e6, 4.58256196975708, 0.0
1.1060823212342816e6, 1.1040526595036837e6, 4.582679033279419, 0.0
1.1060823212342816e6, 1.1040528872504649e6, 4.582689046859741, 0.0
1.1060823212342816e6, 1.1040548810877735e6, 4.582716941833496, 0.0
1.1060823212342816e6, 1.1040598954897365e6, 4.650259017944336, 0.0
1.1060823212342816e6, 1.1040619816852987e6, 4.650376081466675, 0.0
1.1060823212342816e6, 1.1040704259774296e6, 4.739557981491089, 0.0
1.1060823212342816e6, 1.1040738268444177e6, 4.739693880081177, 0.0
1.1060823212342816e6, 1.1040775056524398e6, 4.739777088165283, 0.0
1.1060823212342816e6, 1.1040775328424687e6, 4.739873886108398, 0.0
1.1060823212342816e6, 1.1040779346819678e6, 4.739938020706177, 0.0
1.1060823212342816e6, 1.1040812825343567e6, 4.739966869354248, 0.0
1.1060823212342816e6, 1.1040826824561586e6, 4.740016937255859, 0.0
1.1060823212342816e6, 1.1040841968551942e6, 4.740083932876587, 0.0
1.1060823212342816e6, 1.1040878572454255e6, 4.740165948867798, 0.0
1.1060823212342816e6, 1.1040889608936997e6, 4.820065021514893, 0.0
1.1060823212342816e6, 1.1040905405609785e6, 4.8202009201049805, 0.0
1.1060823212342816e6, 1.1040906073195434e6, 4.820307970046997, 0.0
1.1060823212342816e6, 1.104092034700943e6, 4.820409059524536, 0.0
1.1060823212342816e6, 1.1040933149429364e6, 4.820482969284058, 0.0
1.1060823212342816e6, 1.10409704954734e6, 4.820575952529907, 0.0
1.1060823212342816e6, 1.104099626228818e6, 4.820662021636963, 0.0
1.1060823212342816e6, 1.104106076748225e6, 4.8207550048828125, 0.0
1.1060823212342816e6, 1.1041174044936553e6, 4.82079005241394, 0.0
1.1060823212342816e6, 1.1041225218842062e6, 4.914236068725586, 0.0
1.1060823212342816e6, 1.104126290062661e6, 4.914355039596558, 0.0
1.1060823212342816e6, 1.1041281183122813e6, 4.914474010467529, 0.0
1.1060823212342816e6, 1.1041285222005567e6, 4.914583921432495, 0.0
1.1060823212342816e6, 1.1041292137095109e6, 4.914680004119873, 0.0
1.1060823212342816e6, 1.1041308175469812e6, 4.914777040481567, 0.0
1.1060823212342816e6, 1.1041335686435446e6, 4.9148759841918945, 0.0
1.1060823212342816e6, 1.1041350029106033e6, 4.914961099624634, 0.0
1.1060823212342816e6, 1.1041354851808625e6, 5.0019659996032715, 0.0
1.1060823212342816e6, 1.1041454335984283e6, 5.002120018005371, 0.0
1.1060823212342816e6, 1.1041454335985205e6, 5.002439975738525, 0.0
1.1060823212342816e6, 1.1041518159851665e6, 5.002523899078369, 0.0
1.1060823212342816e6, 1.104151973348963e6, 5.002574920654297, 0.0
1.1060823212342816e6, 1.1041541126034711e6, 5.002920866012573, 0.0
1.1060823212342816e6, 1.1041563510718187e6, 5.003036022186279, 0.0
1.1060823212342816e6, 1.104156944496928e6, 5.003130912780762, 0.0
1.1060823212342816e6, 1.1041646453446494e6, 5.1097729206085205, 0.0
1.1060823212342816e6, 1.104166745257318e6, 5.109891891479492, 0.0
1.1060823212342816e6, 1.1041669859716997e6, 5.110012054443359, 0.0
1.1060823212342816e6, 1.1041682028685033e6, 5.110106945037842, 0.0
1.1060823212342816e6, 1.1041719431246282e6, 5.110213041305542, 0.0
1.1060823212342816e6, 1.1041732212844307e6, 5.110326051712036, 0.0
1.1060823212342816e6, 1.104176105897903e6, 5.110467910766602, 0.0
1.1060823212342816e6, 1.104189616386738e6, 5.110580921173096, 0.0
1.1060823212342816e6, 1.10419650233826e6, 5.110701084136963, 0.0
1.1060823212342816e6, 1.1041993368829577e6, 5.20884108543396, 0.0
1.1060419748082198e6, 1.1041993368829577e6, 5.210256099700928, 0.0
1.1060318426248669e6, 1.1041993368829577e6, 5.211289882659912, 0.0
1.1060318426248669e6, 1.104204259537582e6, 5.211330890655518, 0.0
1.1060318426248669e6, 1.104204533891078e6, 5.211472034454346, 0.0
1.1060318426248669e6, 1.1042051308276453e6, 5.211597919464111, 0.0
1.1060318426248669e6, 1.104205179300659e6, 5.211719989776611, 0.0
1.1060318426248669e6, 1.1042072588191994e6, 5.2118260860443115, 0.0
1.1060318426248669e6, 1.1042162055461728e6, 5.211932897567749, 0.0
1.1060318426248669e6, 1.104226118685802e6, 5.212033987045288, 0.0
1.1060318426248669e6, 1.1042263408005845e6, 5.325676918029785, 0.0
1.1060318426248669e6, 1.1042291982243268e6, 5.325865030288696, 0.0
1.1060318426248669e6, 1.104230385836345e6, 5.3259100914001465, 0.0
1.1060318426248669e6, 1.104235152006775e6, 5.326016902923584, 0.0
1.1060318426248669e6, 1.1042379149991036e6, 5.326138019561768, 0.0
1.1060318426248669e6, 1.1042391527330105e6, 5.326250076293945, 0.0
1.1060318426248669e6, 1.104239638056466e6, 5.326377868652344, 0.0
1.1060318426248669e6, 1.104241224287866e6, 5.326493978500366, 0.0
1.1060318426248669e6, 1.1042527209027933e6, 5.32663893699646, 0.0
1.1060318426248669e6, 1.1042575922686271e6, 5.43130898475647, 0.0
1.1060318426248669e6, 1.1042640633193138e6, 5.431487083435059, 0.0
1.1060318426248669e6, 1.1042664098854193e6, 5.431632041931152, 0.0
1.1060318426248669e6, 1.1042677551533252e6, 5.431761026382446, 0.0
1.1060318426248669e6, 1.1042678045584057e6, 5.431926012039185, 0.0
1.1060318426248669e6, 1.1042696043222037e6, 5.4320290088653564, 0.0
1.1060318426248669e6, 1.1042697193384955e6, 5.432147979736328, 0.0
1.1060318426248669e6, 1.104279317141703e6, 5.432245969772339, 0.0
1.1060318426248669e6, 1.104281951571902e6, 5.7069480419158936, 0.0
1.1060318426248669e6, 1.104285908859708e6, 5.706985950469971, 0.0
1.1060318426248669e6, 1.104289255400037e6, 5.707145929336548, 0.0
1.1060318426248669e6, 1.104294963761246e6, 5.70730996131897, 0.0
1.1060318426248669e6, 1.1042965042970234e6, 5.707434892654419, 0.0
1.1060318426248669e6, 1.1042969859428427e6, 5.7075889110565186, 0.0
1.1060318426248669e6, 1.1042970184381271e6, 5.707716941833496, 0.0
1.1060318426248669e6, 1.1042970184384438e6, 5.707848072052002, 0.0
1.1060318426248669e6, 1.1042983309487572e6, 5.707864046096802, 0.0
1.1060318426248669e6, 1.1043111691181583e6, 5.70799994468689, 0.0
1.1060318426248669e6, 1.1043342432864655e6, 5.948509931564331, 0.0
1.1060318426248669e6, 1.1043385559598533e6, 5.948675870895386, 0.0
1.1060318426248669e6, 1.1043468676050475e6, 5.948817014694214, 0.0
1.1060318426248669e6, 1.1043531087904966e6, 5.948980093002319, 0.0
1.1060318426248669e6, 1.1043571018147108e6, 5.9491400718688965, 0.0
1.1060318426248669e6, 1.1043574156302232e6, 5.949281930923462, 0.0
1.1060318426248669e6, 1.1043645533132425e6, 5.9494359493255615, 0.0
1.1060318426248669e6, 1.1043781879165152e6, 5.949591875076294, 0.0
1.1060318426248669e6, 1.1043786267322581e6, 5.949641942977905, 0.0
1.1060318426248669e6, 1.1043854976517034e6, 6.082266092300415, 0.0
1.1060318426248669e6, 1.104385504470484e6, 6.082473039627075, 0.0
1.1060318426248669e6, 1.104385571842979e6, 6.082645893096924, 0.0
1.1060318426248669e6, 1.1043885498995518e6, 6.082819938659668, 0.0
1.1060318426248669e6, 1.1043905289100253e6, 6.083007097244263, 0.0
1.1060318426248669e6, 1.1043912781110557e6, 6.083157062530518, 0.0
1.1060318426248669e6, 1.104391278111087e6, 6.083324909210205, 0.0
1.1060318426248669e6, 1.1043919525140638e6, 6.083335876464844, 0.0
1.1060318426248669e6, 1.104417143484834e6, 6.083505868911743, 0.0
1.1060318426248669e6, 1.1044185324877205e6, 6.22972297668457, 0.0
1.1060318426248669e6, 1.1044221679290605e6, 6.229965925216675, 0.0
1.1060318426248669e6, 1.104424439163238e6, 6.23014497756958, 0.0
1.1060318426248669e6, 1.104424666165925e6, 6.230287075042725, 0.0
1.1060318426248669e6, 1.104424986022717e6, 6.230427980422974, 0.0
1.1059848835241466e6, 1.104424986022717e6, 6.23152494430542, 0.0
1.1059848835241466e6, 1.10442578117e6, 6.231666088104248, 0.0
1.1059848835241466e6, 1.1044261304126307e6, 6.231834888458252, 0.0
1.1059848835241466e6, 1.1044286533084882e6, 6.231872081756592, 0.0
1.1059848835241466e6, 1.1044444885781873e6, 6.232030868530273, 0.0
1.1059848835241466e6, 1.1044482252902584e6, 6.437129020690918, 0.0
1.1059848835241466e6, 1.1044487214890425e6, 6.437371015548706, 0.0
1.1059848835241466e6, 1.1044525175345838e6, 6.437553882598877, 0.0
1.1059848835241466e6, 1.1044542604049614e6, 6.43772292137146, 0.0
1.1059848835241466e6, 1.1044556293742603e6, 6.437880992889404, 0.0
1.1059848835241466e6, 1.104455665899747e6, 6.437989950180054, 0.0
1.1059848835241466e6, 1.1044574848953448e6, 6.438163995742798, 0.0
1.1059848835241466e6, 1.1044665744758989e6, 6.438298940658569, 0.0
1.1059848835241466e6, 1.104474403720452e6, 6.594951868057251, 0.0
1.1059848835241466e6, 1.1044747719836666e6, 6.5951759815216064, 0.0
1.1059848835241466e6, 1.1044804146937395e6, 6.595465898513794, 0.0
1.1059848835241466e6, 1.1044809033190317e6, 6.5956878662109375, 0.0
1.1059848835241466e6, 1.1044809039406534e6, 6.595952987670898, 0.0
1.1059848835241466e6, 1.104482647431908e6, 6.596113920211792, 0.0
1.1059848835241466e6, 1.104483773439271e6, 6.5963521003723145, 0.0
1.1059848835241466e6, 1.1044983125645344e6, 6.596550941467285, 0.0
1.1059848835241466e6, 1.1045017463669463e6, 6.77091908454895, 0.0
1.1059848835241466e6, 1.1045020988523012e6, 6.771200895309448, 0.0
1.1059848835241466e6, 1.1045024981049295e6, 6.771467924118042, 0.0
1.1059848835241466e6, 1.1045027433757263e6, 6.771681070327759, 0.0
1.1059848835241466e6, 1.1045043106793652e6, 6.771878957748413, 0.0
1.1059848835241466e6, 1.104505099878001e6, 6.772110939025879, 0.0
1.1059848835241466e6, 1.1045064191983766e6, 6.7724010944366455, 0.0
1.1059848835241466e6, 1.1045303797689308e6, 6.772589921951294, 0.0
1.1059848835241466e6, 1.1045340530243714e6, 6.993545055389404, 0.0
1.1059848835241466e6, 1.1045365012138095e6, 6.993767976760864, 0.0
1.1059848835241466e6, 1.1045365012138651e6, 6.993974924087524, 0.0
1.1059848835241466e6, 1.1045379762300628e6, 6.9939820766448975, 0.0
1.1059848835241466e6, 1.1045379762300635e6, 6.994188070297241, 0.0
1.1059848835241466e6, 1.1045382399758284e6, 6.9941980838775635, 0.0
1.1059848835241466e6, 1.104538809236167e6, 6.994385004043579, 0.0
1.1059848835241466e6, 1.1045413079993806e6, 6.994579076766968, 0.0
1.1059848835241466e6, 1.1045431474561256e6, 6.994740962982178, 0.0
1.1059848835241466e6, 1.1045548488721526e6, 6.994903087615967, 0.0
1.1059133935536984e6, 1.1045548488721526e6, 7.188210964202881, 0.0
1.1059133935536984e6, 1.1045577256688417e6, 7.188366889953613, 0.0
1.1059133935536984e6, 1.104557744575303e6, 7.188469886779785, 0.0
1.1059133935536984e6, 1.1045592364052753e6, 7.188643932342529, 0.0
1.1059133935536984e6, 1.1045599455699977e6, 7.188905954360962, 0.0
1.1059133935536984e6, 1.104560971527531e6, 7.1891350746154785, 0.0
1.1059133935536984e6, 1.1045622810394934e6, 7.1894190311431885, 0.0
1.1059133935536984e6, 1.1045849195346467e6, 7.189684867858887, 0.0
1.1059133935536984e6, 1.104587488614794e6, 7.189718008041382, 0.0
1.1059133935536984e6, 1.1045878908257727e6, 8.24247694015503, 0.0
1.1059133935536984e6, 1.1045881197101935e6, 8.242656946182251, 0.0
1.1059133935536984e6, 1.1045882043878152e6, 8.242738008499146, 0.0
1.105892635344454e6, 1.1045882043878152e6, 8.243804931640625, 0.0
1.105892635344454e6, 1.104588333573264e6, 8.243819952011108, 0.0
1.105892635344454e6, 1.1045901018055838e6, 8.243902921676636, 0.0
1.105892635344454e6, 1.104590997266436e6, 8.24397897720337, 0.0
1.1058559041190483e6, 1.104590997266436e6, 8.244735956192017, 0.0
1.1058559041190483e6, 1.1045918753652815e6, 8.2447509765625, 0.0
1.1058559041190483e6, 1.1045922137604246e6, 8.2448410987854, 0.0
1.1058559041190483e6, 1.1045990066962612e6, 8.488059997558594, 0.0
1.1058559041190483e6, 1.104599006700869e6, 8.488380908966064, 0.0
1.1058559041190483e6, 1.1045996990667875e6, 8.488425970077515, 0.0
1.1058559041190483e6, 1.1046004394034601e6, 8.488631963729858, 0.0
1.1058559041190483e6, 1.1046014041310456e6, 8.489171981811523, 0.0
1.1058559041190483e6, 1.1046033153864404e6, 8.489465951919556, 0.0
1.1058559041190483e6, 1.1046043235860607e6, 8.489683866500854, 0.0
1.1058559041190483e6, 1.1046130520554099e6, 8.489935874938965, 0.0
1.1058559041190483e6, 1.1046155403085824e6, 8.490041971206665, 0.0
1.1058559041190483e6, 1.1046196802981838e6, 8.775455951690674, 0.0
1.1058559041190483e6, 1.1046219408073535e6, 8.775772094726562, 0.0
1.1058559041190483e6, 1.1046229687230855e6, 8.776033878326416, 0.0
1.1058559041190483e6, 1.1046233886318193e6, 8.776297092437744, 0.0
1.1058559041190483e6, 1.104626098048129e6, 8.776602029800415, 0.0
1.1058559041190483e6, 1.104627378440172e6, 8.776886940002441, 0.0
1.1058559041190483e6, 1.1046299537193852e6, 8.777153968811035, 0.0
1.1058559041190483e6, 1.1046414373892697e6, 8.777427911758423, 0.0
1.1058559041190483e6, 1.1046558429406749e6, 8.77754807472229, 0.0
1.1058559041190483e6, 1.1046560225819808e6, 8.777675867080688, 0.0
1.1058559041190483e6, 1.1046608364484245e6, 9.034302949905396, 0.0
1.1058559041190483e6, 1.1046608364488578e6, 9.034664869308472, 0.0
1.1058559041190483e6, 1.1046617764187271e6, 9.034678936004639, 0.0
1.1058559041190483e6, 1.1046618484286903e6, 9.03498888015747, 0.0
1.1058559041190483e6, 1.1046622401596536e6, 9.03529405593872, 0.0
1.1058559041190483e6, 1.1046645765021367e6, 9.03531002998352, 0.0
1.1058559041190483e6, 1.1046672137388312e6, 9.036858081817627, 0.0
1.1058559041190483e6, 1.1046689580709653e6, 9.037224054336548, 0.0
1.1058559041190483e6, 1.104669459419229e6, 9.037523031234741, 0.0
1.1058559041190483e6, 1.1046898586098917e6, 9.037827014923096, 0.0
1.1058559041190483e6, 1.1046923910842522e6, 9.337538957595825, 0.0
1.1058559041190483e6, 1.1046985688793547e6, 9.337918043136597, 0.0
1.1058559041190483e6, 1.1047016058433626e6, 9.33813190460205, 0.0
1.1058559041190483e6, 1.1047016114777948e6, 9.338320016860962, 0.0
1.1058559041190483e6, 1.1047037302703e6, 9.338350057601929, 0.0
1.1058559041190483e6, 1.1047041675485866e6, 9.338538885116577, 0.0
1.1058559041190483e6, 1.1047072969729244e6, 9.338726997375488, 0.0
1.1058559041190483e6, 1.1047085064235819e6, 9.338886022567749, 0.0
1.1058559041190483e6, 1.104723747605225e6, 9.339152097702026, 0.0
1.1058559041190483e6, 1.1047269012284954e6, 9.633652925491333, 0.0
1.1058559041190483e6, 1.1047269382748317e6, 9.634144067764282, 0.0
1.1058559041190483e6, 1.104727232867606e6, 9.634517908096313, 0.0
1.1058559041190483e6, 1.1047300980732534e6, 9.63487696647644, 0.0
1.1058559041190483e6, 1.1047306688065676e6, 9.635231018066406, 0.0
1.1058559041190483e6, 1.1047307281531466e6, 9.635541915893555, 0.0
1.1058559041190483e6, 1.1047320636038762e6, 9.636049032211304, 0.0
1.1058559041190483e6, 1.1047643173236854e6, 9.637908935546875, 0.0
1.1058559041190483e6, 1.1047670179824587e6, 9.942579984664917, 0.0
1.1058559041190483e6, 1.1047670179830645e6, 9.942905902862549, 0.0
1.1058559041190483e6, 1.1047689811839035e6, 9.942940950393677, 0.0
1.1058559041190483e6, 1.1047703189119373e6, 9.943262100219727, 0.0
1.1058559041190483e6, 1.104770324285457e6, 9.943609952926636, 0.0
1.1058559041190483e6, 1.1047705370299288e6, 9.943639993667603, 0.0
1.1058559041190483e6, 1.1047726842520314e6, 9.943954944610596, 0.0
1.1058559041190483e6, 1.104772922021322e6, 9.944202899932861, 0.0
1.1058559041190483e6, 1.104774954660912e6, 9.944231033325195, 0.0
1.1058559041190483e6, 1.1047753910828917e6, 9.944508075714111, 0.0
1.1058559041190483e6, 1.1047960751857555e6, 9.944824934005737, 0.0
1.1058559041190483e6, 1.104796703062068e6, 10.96127200126648, 0.0
1.1057667836860423e6, 1.104796703062068e6, 10.96273398399353, 0.0
1.1057667836860423e6, 1.1048031516323881e6, 11.304774045944214, 0.0
1.1057667836860423e6, 1.1048036136223546e6, 11.30532193183899, 0.0
1.1057667836860423e6, 1.1048060782587992e6, 11.305613994598389, 0.0
1.1057667836860423e6, 1.1048068508643147e6, 11.305624961853027, 0.0
1.1057667836860423e6, 1.1048077960783627e6, 11.305881023406982, 0.0
1.1057667836860423e6, 1.104808947575243e6, 11.30625605583191, 0.0
1.1057667836860423e6, 1.1048090506291438e6, 11.30659008026123, 0.0
1.1057667836860423e6, 1.1048094721007983e6, 11.306905031204224, 0.0
1.1057667836860423e6, 1.1048218570391806e6, 11.307158946990967, 0.0
1.1057667836860423e6, 1.1048255113515777e6, 11.307256937026978, 0.0
1.1057667836860423e6, 1.1048258025054685e6, 11.307291984558105, 0.0
1.1057667836860423e6, 1.1048295179222412e6, 11.307295083999634, 0.0
1.1057667836860423e6, 1.1048315646558856e6, 11.307337999343872, 0.0
1.1057667836860423e6, 1.1048334726990804e6, 11.621373891830444, 0.0
1.1057667836860423e6, 1.1048360837703685e6, 11.621803045272827, 0.0
1.1057667836860423e6, 1.104838707063005e6, 11.62217402458191, 0.0
1.1057667836860423e6, 1.104841082741529e6, 11.622598886489868, 0.0
1.1057667836860423e6, 1.1048414304138103e6, 11.623023986816406, 0.0
1.1057667836860423e6, 1.1048414353799121e6, 11.623421907424927, 0.0
1.1057667836860423e6, 1.1048417689897108e6, 11.623769998550415, 0.0
1.1057667836860423e6, 1.104842384828064e6, 11.623800039291382, 0.0
1.1057667836860423e6, 1.1048602537004985e6, 11.62418508529663, 0.0
1.1057667836860423e6, 1.1048726676198533e6, 11.624260902404785, 0.0
1.1057667836860423e6, 1.1048752610995844e6, 11.624264001846313, 0.0
1.1057667836860423e6, 1.104875838901406e6, 11.624450922012329, 0.0
1.1057667836860423e6, 1.1048838673706753e6, 11.624465942382812, 0.0
1.1057667836860423e6, 1.104884924786305e6, 12.01078200340271, 0.0
1.1057667836860423e6, 1.1048855705983874e6, 12.011228084564209, 0.0
1.1057667836860423e6, 1.1048855705984142e6, 12.011647939682007, 0.0
1.1057667836860423e6, 1.1048860007912884e6, 12.011679887771606, 0.0
1.1057667836860423e6, 1.1048874961872424e6, 12.01197099685669, 0.0
1.1057667836860423e6, 1.1048877229453109e6, 12.01232099533081, 0.0
1.1057667836860423e6, 1.104888023400966e6, 12.012703895568848, 0.0
1.1057667836860423e6, 1.1048890863692325e6, 12.01311707496643, 0.0
1.1057667836860423e6, 1.1048915816921396e6, 12.01349401473999, 0.0
1.1057667836860423e6, 1.1049054972014579e6, 12.01349687576294, 0.0
1.1057667836860423e6, 1.1049054972037068e6, 12.013592958450317, 0.0
1.1057667836860423e6, 1.1049099404926149e6, 12.013644933700562, 0.0
1.1057667836860423e6, 1.104913209978672e6, 12.013720989227295, 0.0
1.1057667836860423e6, 1.1049132099802021e6, 12.013772010803223, 0.0
1.1057667836860423e6, 1.1049244330458308e6, 12.013774871826172, 0.0
1.1057667836860423e6, 1.104924487979315e6, 12.368566989898682, 0.0
1.1057667836860423e6, 1.104926054128808e6, 12.369510889053345, 0.0
1.1057667836860423e6, 1.1049293935934396e6, 12.369913101196289, 0.0
1.1057667836860423e6, 1.1049296983500153e6, 12.370354890823364, 0.0
1.1057667836860423e6, 1.104931028041601e6, 12.370830059051514, 0.0
1.1057667836860423e6, 1.104933047520909e6, 12.371270895004272, 0.0
1.1057667836860423e6, 1.1049330662328992e6, 12.371742963790894, 0.0
1.1057667836860423e6, 1.1049421808445393e6, 12.37214708328247, 0.0
1.1057667836860423e6, 1.1049457162363615e6, 12.372222900390625, 0.0
1.1057667836860423e6, 1.104955410595581e6, 12.372345924377441, 0.0
1.1057667836860423e6, 1.1049645412575328e6, 12.37245798110962, 0.0
1.1057667836860423e6, 1.1049649297807335e6, 12.768924951553345, 0.0
1.1057667836860423e6, 1.1049657971889e6, 12.769528865814209, 0.0
1.1057667836860423e6, 1.1049667427574517e6, 12.769936084747314, 0.0
1.1057667836860423e6, 1.1049673279039462e6, 12.770344018936157, 0.0
1.1057667836860423e6, 1.1049675224167295e6, 12.770638942718506, 0.0
1.1057667836860423e6, 1.1049683599104127e6, 12.771066904067993, 0.0
1.1057667836860423e6, 1.1049693977494128e6, 12.771429061889648, 0.0
1.1057667836860423e6, 1.1049894718534532e6, 12.771878957748413, 0.0
1.1057667836860423e6, 1.1049949921927047e6, 12.771919965744019, 0.0
1.1057667836860423e6, 1.1050035651286906e6, 12.771984100341797, 0.0
1.1057667836860423e6, 1.1050074216653025e6, 14.228085041046143, 0.0
1.1057667836860423e6, 1.1050079556775924e6, 14.228584051132202, 0.0
1.1057667836860423e6, 1.1050088362507725e6, 14.229028940200806, 0.0
1.1057667836860423e6, 1.1050089192579002e6, 14.229413986206055, 0.0
1.1057667836860423e6, 1.1050089562626944e6, 14.229772090911865, 0.0
1.1057667836860423e6, 1.1050095536740127e6, 14.230143070220947, 0.0
1.1057667836860423e6, 1.1050098090851675e6, 14.230539083480835, 0.0
1.1057667836860423e6, 1.1050125649461043e6, 14.230962991714478, 0.0
1.1057667836860423e6, 1.1050233077656121e6, 14.23101806640625, 0.0
1.1057667836860423e6, 1.105039259978563e6, 14.231061935424805, 0.0
1.1057667836860423e6, 1.1050393980777825e6, 14.581860065460205, 0.0
1.1057667836860423e6, 1.1050399434913779e6, 14.58245301246643, 0.0
1.1057667836860423e6, 1.1050406014454707e6, 14.582872867584229, 0.0
1.1057667836860423e6, 1.105041296855344e6, 14.58331298828125, 0.0
1.1057667836860423e6, 1.105041738191512e6, 14.583765029907227, 0.0
1.1057667836860423e6, 1.1050418348467727e6, 14.584192991256714, 0.0
1.1057667836860423e6, 1.1050418561705246e6, 14.584580898284912, 0.0
1.1057667836860423e6, 1.105044024096742e6, 14.585043907165527, 0.0
1.1057667836860423e6, 1.1050550030756735e6, 14.5850510597229, 0.0
1.1057667836860423e6, 1.1050726639607886e6, 14.5851469039917, 0.0
1.1057667836860423e6, 1.1050735279765297e6, 15.003582000732422, 0.0
1.1057667836860423e6, 1.1050743499070106e6, 15.003973007202148, 0.0
1.1057667836860423e6, 1.1050745032511826e6, 15.004369020462036, 0.0
1.1057667836860423e6, 1.1050746833614e6, 15.004801034927368, 0.0
1.1057667836860423e6, 1.1050752532841736e6, 15.00521993637085, 0.0
1.1057667836860423e6, 1.1050756468540423e6, 15.005587100982666, 0.0
1.1057667836860423e6, 1.105076123497999e6, 15.005794048309326, 0.0
1.1057667836860423e6, 1.1050786217637116e6, 15.006242036819458, 0.0
1.1057667836860423e6, 1.1050848249543714e6, 15.006262063980103, 0.0
1.1057667836860423e6, 1.1050940784108276e6, 15.006314992904663, 0.0
1.1057667836860423e6, 1.1050942723456079e6, 15.006347894668579, 0.0
1.1057667836860423e6, 1.1050967108358785e6, 15.382045984268188, 0.0
1.1057667836860423e6, 1.1050967252248353e6, 15.38248586654663, 0.0
1.1057667836860423e6, 1.105109690674747e6, 15.382935047149658, 0.0
1.1057667836860423e6, 1.1051143893069292e6, 15.383018016815186, 0.0
1.1057667836860423e6, 1.1051189950430351e6, 15.383019924163818, 0.0
1.1057667836860423e6, 1.105119996713705e6, 15.383157014846802, 0.0
1.1057667836860423e6, 1.1051226672818004e6, 15.383167028427124, 0.0
1.1057667836860423e6, 1.1051242327673687e6, 15.760259866714478, 0.0
1.1057667836860423e6, 1.1051248118577383e6, 15.760889053344727, 0.0
1.1057667836860423e6, 1.1051250327389636e6, 15.760900020599365, 0.0
1.1057667836860423e6, 1.1051251633040109e6, 15.761229038238525, 0.0
1.1057667836860423e6, 1.1051265899617975e6, 15.761553049087524, 0.0
1.1057667836860423e6, 1.1051266062713086e6, 15.761996030807495, 0.0
1.1057667836860423e6, 1.1051268516600572e6, 15.762424945831299, 0.0
1.1057667836860423e6, 1.105127593109764e6, 15.762871980667114, 0.0
1.1057667836860423e6, 1.1051333662524763e6, 15.763292074203491, 0.0
1.1057667836860423e6, 1.1051347718208274e6, 15.763427972793579, 0.0
1.1057667836860423e6, 1.105149148143111e6, 15.763460874557495, 0.0
1.1057667836860423e6, 1.1051533952352877e6, 15.763633966445923, 0.0
1.1057667836860423e6, 1.105153492012204e6, 16.189289093017578, 0.0
1.1057667836860423e6, 1.1051556048565079e6, 16.189903020858765, 0.0
1.1057667836860423e6, 1.1051558896890336e6, 16.190386056900024, 0.0
1.1057667836860423e6, 1.1051569935900292e6, 16.19082999229431, 0.0
1.1057667836860423e6, 1.1051574744873375e6, 16.191256046295166, 0.0
1.1057667836860423e6, 1.105157480895283e6, 16.19168496131897, 0.0
1.1057667836860423e6, 1.1051574816587395e6, 16.192095041275024, 0.0
1.1057667836860423e6, 1.1051789677496925e6, 16.19257402420044, 0.0
1.1057667836860423e6, 1.105187939348529e6, 16.1927809715271, 0.0
1.1057667836860423e6, 1.1051901819130885e6, 16.19278597831726, 0.0
1.1057667836860423e6, 1.1051912464098092e6, 16.638735055923462, 0.0
1.1057667836860423e6, 1.1051918956286432e6, 16.63927388191223, 0.0
1.1057667836860423e6, 1.1051934533779942e6, 16.639694929122925, 0.0
1.1057667836860423e6, 1.1051936490334533e6, 16.64005708694458, 0.0
1.1057667836860423e6, 1.1051937245598196e6, 16.64052987098694, 0.0
1.1057667836860423e6, 1.1051943039273059e6, 16.640960931777954, 0.0
1.1057667836860423e6, 1.1051945881398711e6, 16.641320943832397, 0.0
1.1057667836860423e6, 1.1051959307239759e6, 16.64175009727478, 0.0
1.1057667836860423e6, 1.1051959918000363e6, 16.641777992248535, 0.0
1.1057667836860423e6, 1.1051960421317369e6, 16.641779899597168, 0.0
1.1057667836860423e6, 1.1052029129174266e6, 16.641841888427734, 0.0
1.1057667836860423e6, 1.1052134421765807e6, 16.641951084136963, 0.0
1.1057667836860423e6, 1.10521417123926e6, 17.090039014816284, 0.0
1.1057667836860423e6, 1.1052155717716804e6, 17.090600967407227, 0.0
1.1057667836860423e6, 1.1052167204114846e6, 17.091019868850708, 0.0
1.1057667836860423e6, 1.1052179430892335e6, 17.091492891311646, 0.0
1.1057667836860423e6, 1.1052182214084335e6, 17.09199595451355, 0.0
1.1057667836860423e6, 1.1052186877190557e6, 17.09237790107727, 0.0
1.1057667836860423e6, 1.105218768232563e6, 17.09272599220276, 0.0
1.1057667836860423e6, 1.1052298892116384e6, 17.093092918395996, 0.0
1.1057667836860423e6, 1.1052305613282039e6, 17.093183040618896, 0.0
1.1057667836860423e6, 1.1052374782932054e6, 17.093195915222168, 0.0
1.1057667836860423e6, 1.1052377574799252e6, 17.09319806098938, 0.0
1.1057667836860423e6, 1.1052445730586965e6, 17.0933358669281, 0.0
1.1057667836860423e6, 1.1052481185653715e6, 17.093343019485474, 0.0
1.1057667836860423e6, 1.1052515274678636e6, 17.093436002731323, 0.0
1.1057667836860423e6, 1.105252580745531e6, 18.545974016189575, 0.0
1.1057667836860423e6, 1.105254053006577e6, 18.546568870544434, 0.0
1.1057667836860423e6, 1.105254557548988e6, 18.547066926956177, 0.0
1.1057667836860423e6, 1.105255445040249e6, 18.54747700691223, 0.0
1.1057667836860423e6, 1.1052556652877813e6, 18.547914028167725, 0.0
1.1057667836860423e6, 1.1052557689689975e6, 18.548391103744507, 0.0
1.1057667836860423e6, 1.1052558617979242e6, 18.548815965652466, 0.0
1.1057667836860423e6, 1.1052698863424282e6, 18.54926896095276, 0.0
1.1057667836860423e6, 1.1052759766686573e6, 18.549386024475098, 0.0
1.1057667836860423e6, 1.1052814844354547e6, 18.54941487312317, 0.0
1.1057667836860423e6, 1.105281865594344e6, 18.998610973358154, 0.0
1.1057667836860423e6, 1.105282593095343e6, 18.999162912368774, 0.0
1.1057667836860423e6, 1.1052837432113502e6, 18.99954104423523, 0.0
1.1057667836860423e6, 1.1052849534620096e6, 18.99990701675415, 0.0
1.1057667836860423e6, 1.1052855748864333e6, 19.00030207633972, 0.0
1.1057667836860423e6, 1.10528565154953e6, 19.00072693824768, 0.0
1.1057667836860423e6, 1.1052858936264399e6, 19.00108003616333, 0.0
1.1057667836860423e6, 1.105289521313798e6, 19.001487016677856, 0.0
1.1057667836860423e6, 1.1052941156845975e6, 19.001503944396973, 0.0
1.1057667836860423e6, 1.105298513561294e6, 19.00163507461548, 0.0
1.1057667836860423e6, 1.105301249314462e6, 19.001698970794678, 0.0
1.1057667836860423e6, 1.1053057075960317e6, 19.001760959625244, 0.0
1.1057667836860423e6, 1.1053068240163152e6, 19.001785039901733, 0.0
1.1057667836860423e6, 1.1053079033091837e6, 19.001862049102783, 0.0
1.1057667836860423e6, 1.1053087759448641e6, 19.46598792076111, 0.0
1.1057667836860423e6, 1.1053097648364212e6, 19.466619968414307, 0.0
1.1057667836860423e6, 1.1053097648391793e6, 19.46707010269165, 0.0
1.1057667836860423e6, 1.105310716429977e6, 19.467082023620605, 0.0
1.1057667836860423e6, 1.1053109413763152e6, 19.467514991760254, 0.0
1.1057667836860423e6, 1.1053109413764002e6, 19.467945098876953, 0.0
1.1057667836860423e6, 1.1053116922409306e6, 19.467952013015747, 0.0
1.1057667836860423e6, 1.1053121599491287e6, 19.468399047851562, 0.0
1.1057667836860423e6, 1.1053125097364802e6, 19.468826055526733, 0.0
1.1057667836860423e6, 1.1053154585161037e6, 19.469388008117676, 0.0
1.1057667836860423e6, 1.105320630879519e6, 19.469434022903442, 0.0
1.1057667836860423e6, 1.1053288207606233e6, 19.46950101852417, 0.0
1.1057667836860423e6, 1.1053350824041613e6, 19.469570875167847, 0.0
1.1057667836860423e6, 1.1053354030530646e6, 19.91250991821289, 0.0
1.1057667836860423e6, 1.1053360045822533e6, 19.9129900932312, 0.0
1.1057667836860423e6, 1.1053364795968658e6, 19.91331386566162, 0.0
1.1057667836860423e6, 1.105336831724648e6, 19.913706064224243, 0.0
1.1057667836860423e6, 1.105337128208666e6, 19.914139986038208, 0.0
1.1057667836860423e6, 1.1053374655738433e6, 19.914541006088257, 0.0
1.1057667836860423e6, 1.1053380080757588e6, 19.914911031723022, 0.0
1.1057667836860423e6, 1.1053405971533845e6, 19.915283918380737, 0.0
1.1057667836860423e6, 1.1053468280267222e6, 19.915308952331543, 0.0
1.1057667836860423e6, 1.105356830075497e6, 19.915395975112915, 0.0
1.1057667836860423e6, 1.105357713347031e6, 19.915416955947876, 0.0
1.1057667836860423e6, 1.1053582988654631e6, 20.364656925201416, 0.0
1.1057667836860423e6, 1.1053583543631823e6, 20.365307092666626, 0.0
1.1057667836860423e6, 1.105358513596065e6, 20.36607789993286, 0.0
1.1057667836860423e6, 1.1053589744326556e6, 20.366549015045166, 0.0
1.1057667836860423e6, 1.1053590082152325e6, 20.367045879364014, 0.0
1.1057667836860423e6, 1.1053599183121556e6, 20.36751103401184, 0.0
1.1057667836860423e6, 1.1053599809935798e6, 20.36798906326294, 0.0
1.1057667836860423e6, 1.1053699312122832e6, 20.368431091308594, 0.0
1.1057667836860423e6, 1.1053709198151259e6, 20.368587017059326, 0.0
1.1057667836860423e6, 1.1053804253549327e6, 20.36859703063965, 0.0
1.1057667836860423e6, 1.105383927332769e6, 20.368788957595825, 0.0
1.1057667836860423e6, 1.1053854375376978e6, 20.368802070617676, 0.0
1.1057667836860423e6, 1.1053871986826726e6, 20.368829011917114, 0.0
1.1057667836860423e6, 1.105391108931567e6, 20.368864059448242, 0.0
1.1057667836860423e6, 1.1053912537502914e6, 20.813849925994873, 0.0
1.1057667836860423e6, 1.1053917192420631e6, 20.814339876174927, 0.0
1.1057667836860423e6, 1.1053933173609984e6, 20.814640998840332, 0.0
1.1057667836860423e6, 1.1053933173633395e6, 20.815018892288208, 0.0
1.1057667836860423e6, 1.1053942245922282e6, 20.81503391265869, 0.0
1.1057667836860423e6, 1.1053948411514182e6, 20.81549906730652, 0.0
1.1057667836860423e6, 1.1053953248583006e6, 20.815962076187134, 0.0
1.1057667836860423e6, 1.105395338421116e6, 20.81635808944702, 0.0
1.1057667836860423e6, 1.1053957373109222e6, 20.816379070281982, 0.0
1.1057667836860423e6, 1.1054069907361895e6, 20.81675696372986, 0.0
1.1057667836860423e6, 1.1054108300381585e6, 20.816848039627075, 0.0
1.1057667836860423e6, 1.1054137803471333e6, 20.816850900650024, 0.0
1.1057667836860423e6, 1.1054150461338684e6, 21.272621870040894, 0.0
1.1057667836860423e6, 1.1054163765940827e6, 21.273267030715942, 0.0
1.1057667836860423e6, 1.1054174031141403e6, 21.27374291419983, 0.0
1.1057667836860423e6, 1.1054176024146294e6, 21.27414298057556, 0.0
1.1057667836860423e6, 1.1054179499822136e6, 21.2745840549469, 0.0
1.1057667836860423e6, 1.1054180198831465e6, 21.27499794960022, 0.0
1.1057667836860423e6, 1.1054185266583713e6, 21.275495052337646, 0.0
1.1057667836860423e6, 1.105434175948036e6, 21.275980949401855, 0.0
1.1057667836860423e6, 1.1054368904120917e6, 21.27605700492859, 0.0
1.1057667836860423e6, 1.1054401829021792e6, 21.276067972183228, 0.0
1.1057667836860423e6, 1.1054540236170818e6, 21.27610993385315, 0.0
1.1057667836860423e6, 1.1054611919294444e6, 21.27620792388916, 0.0
1.1057667836860423e6, 1.105461204443923e6, 21.276247024536133, 0.0
1.1057667836860423e6, 1.1054618290836387e6, 21.276248931884766, 0.0
1.1057667836860423e6, 1.1054621578964633e6, 21.276293992996216, 0.0
1.1057667836860423e6, 1.1054633358327847e6, 21.715959072113037, 0.0
1.1057667836860423e6, 1.1054643365517696e6, 21.71650505065918, 0.0
1.1057667836860423e6, 1.1054661234432308e6, 21.717015027999878, 0.0
1.1057667836860423e6, 1.1054662143933773e6, 21.717477083206177, 0.0
1.1057667836860423e6, 1.105466534523873e6, 21.717875957489014, 0.0
1.1057667836860423e6, 1.1054672344298265e6, 21.718569040298462, 0.0
1.1057667836860423e6, 1.1054673127240613e6, 21.718978881835938, 0.0
1.1057667836860423e6, 1.1054905338579512e6, 21.71941304206848, 0.0
1.1057667836860423e6, 1.105493812298745e6, 21.719543933868408, 0.0
1.1057667836860423e6, 1.1054961325911526e6, 21.719604969024658, 0.0
1.1057667836860423e6, 1.1054975336844968e6, 21.71963405609131, 0.0
1.1057667836860423e6, 1.1054998397225582e6, 21.71964192390442, 0.0
1.1057667836860423e6, 1.1055013595700436e6, 23.209892988204956, 0.0
1.1057667836860423e6, 1.1055026935354685e6, 23.210479974746704, 0.0
1.1057667836860423e6, 1.105503611328559e6, 23.210903882980347, 0.0
1.1057667836860423e6, 1.1055055219212803e6, 23.211320877075195, 0.0
1.1057667836860423e6, 1.1055056786382012e6, 23.21172595024109, 0.0
1.1057667836860423e6, 1.1055064711466297e6, 23.212095975875854, 0.0
1.1057667836860423e6, 1.105506981708141e6, 23.212486028671265, 0.0
1.1057667836860423e6, 1.105514093019402e6, 23.213032007217407, 0.0
1.1057667836860423e6, 1.1055148934639571e6, 23.21304702758789, 0.0
1.1057667836860423e6, 1.105518021431545e6, 23.213053941726685, 0.0
1.1057667836860423e6, 1.105525659162719e6, 23.21307396888733, 0.0
1.1057667836860423e6, 1.1055265826921975e6, 23.213080883026123, 0.0
1.1057667836860423e6, 1.10552694518713e6, 23.213093042373657, 0.0
1.1057667836860423e6, 1.1055290631091846e6, 23.213149070739746, 0.0
1.1057667836860423e6, 1.1055292864804692e6, 23.213154077529907, 0.0
1.1057667836860423e6, 1.105529984885703e6, 23.213176012039185, 0.0
1.1057667836860423e6, 1.1055309294772232e6, 23.21320605278015, 0.0
1.1057667836860423e6, 1.1055329165222426e6, 23.213223934173584, 0.0
1.1057667836860423e6, 1.105540292062982e6, 23.21322989463806, 0.0
1.1057667836860423e6, 1.1055421141196014e6, 23.675579071044922, 0.0
1.1057667836860423e6, 1.1055435099297622e6, 23.67618703842163, 0.0
1.1057667836860423e6, 1.1055450623510734e6, 23.676735877990723, 0.0
1.1057667836860423e6, 1.1055462595597059e6, 23.677226066589355, 0.0
1.1057667836860423e6, 1.1055470253918988e6, 23.677751064300537, 0.0
1.1057667836860423e6, 1.1055471466940392e6, 23.678246021270752, 0.0
1.1057667836860423e6, 1.1055476677160405e6, 23.678776025772095, 0.0
1.1057667836860423e6, 1.1055632051800853e6, 23.679264068603516, 0.0
1.1057667836860423e6, 1.1055665048116816e6, 23.679322004318237, 0.0
1.1057667836860423e6, 1.1055817988442099e6, 23.679352045059204, 0.0
1.1057667836860423e6, 1.1055845264889437e6, 23.679383993148804, 0.0
1.1057667836860423e6, 1.105586071581873e6, 23.67943787574768, 0.0
1.1057667836860423e6, 1.105594925822092e6, 23.67945098876953, 0.0
1.1057667836860423e6, 1.105596190001841e6, 23.679483890533447, 0.0
1.1057667836860423e6, 1.1055986214936774e6, 23.679544925689697, 0.0
1.1057667836860423e6, 1.1056042180486065e6, 23.67956805229187, 0.0
1.1057667836860423e6, 1.1056042668470286e6, 23.679630041122437, 0.0
1.1057667836860423e6, 1.1056047437541152e6, 23.679632902145386, 0.0
1.1057667836860423e6, 1.1056058616065346e6, 24.13288402557373, 0.0
1.1057667836860423e6, 1.105608056805599e6, 24.13342308998108, 0.0
1.1057667836860423e6, 1.105609117706378e6, 24.133815050125122, 0.0
1.1057667836860423e6, 1.105609963249188e6, 24.134252071380615, 0.0
1.1057667836860423e6, 1.105610071089406e6, 24.13483190536499, 0.0
1.1057667836860423e6, 1.1056109872522615e6, 24.13544988632202, 0.0
1.1057667836860423e6, 1.105611443155307e6, 24.137206077575684, 0.0
1.1057667836860423e6, 1.105624637207413e6, 24.13769793510437, 0.0
1.1057667836860423e6, 1.1056254796675604e6, 24.137727975845337, 0.0
1.1057667836860423e6, 1.1056260366244945e6, 24.137738943099976, 0.0
1.1057667836860423e6, 1.1056286877488007e6, 24.137742042541504, 0.0
1.1057667836860423e6, 1.1056401207566573e6, 24.13777804374695, 0.0
1.1057667836860423e6, 1.105641670540034e6, 24.13784408569336, 0.0
1.1057667836860423e6, 1.1056451355662814e6, 24.137850999832153, 0.0
1.1057667836860423e6, 1.1056549194148534e6, 24.137898921966553, 0.0
1.1057667836860423e6, 1.105658352853486e6, 24.137907028198242, 0.0
1.1057667836860423e6, 1.10565917766675e6, 24.137917041778564, 0.0
1.1057667836860423e6, 1.1056632337876952e6, 24.137939929962158, 0.0
1.1057667836860423e6, 1.105664991855531e6, 24.137983083724976, 0.0
1.1057667836860423e6, 1.1056654811680685e6, 24.137995958328247, 0.0
1.1057667836860423e6, 1.1056711002688776e6, 24.138001918792725, 0.0
1.1057667836860423e6, 1.1056834756283273e6, 24.138032913208008, 0.0
1.1057667836860423e6, 1.1056890847705896e6, 24.138062953948975, 0.0
1.1057667836860423e6, 1.105690519359231e6, 24.13810396194458, 0.0
1.1057667836860423e6, 1.1056938714852193e6, 24.13813090324402, 0.0
