ub,lb,time,src
1.1217086931303157e6, 1.10100308417558e6, 0.28333187103271484, 0.0
1.117690889338979e6, 1.1010472289113607e6, 0.3510308265686035, 0.0
1.117690889338979e6, 1.1010539892520034e6, 0.4090158939361572, 0.0
1.117690889338979e6, 1.1010592352708818e6, 0.42548084259033203, 0.0
1.117690889338979e6, 1.1011112172353177e6, 0.5995028018951416, 0.0
1.117690889338979e6, 1.1015992762094724e6, 0.6079528331756592, 0.0
1.117690889338979e6, 1.101652791197263e6, 0.6079909801483154, 0.0
1.117690889338979e6, 1.101779473858251e6, 0.6133019924163818, 0.0
1.117690889338979e6, 1.1017995146854997e6, 0.6133239269256592, 0.0
1.117690889338979e6, 1.1018129516557534e6, 0.6167969703674316, 0.0
1.117690889338979e6, 1.1019105974419937e6, 0.6168198585510254, 0.0
1.117690889338979e6, 1.102069287730141e6, 0.6168348789215088, 0.0
1.117690889338979e6, 1.1020735133709102e6, 0.6319949626922607, 0.0
1.1161275439923485e6, 1.1020735133709102e6, 0.6580159664154053, 0.0
1.1152752057860123e6, 1.1020735133709102e6, 0.658660888671875, 0.0
1.1121883367923126e6, 1.1020735133709102e6, 0.7332448959350586, 0.0
1.1121389449483491e6, 1.1020735133709102e6, 0.8441548347473145, 0.0
1.1110278645048537e6, 1.1020735133709102e6, 0.8639779090881348, 0.0
1.1088422120767073e6, 1.1020735133709102e6, 0.883037805557251, 0.0
1.1077062182422462e6, 1.1020735133709102e6, 0.8840229511260986, 0.0
1.107646047059733e6, 1.1020735133709102e6, 0.8847239017486572, 0.0
1.107646047059733e6, 1.1021729082133465e6, 0.9170098304748535, 0.0
1.107646047059733e6, 1.1021866501943232e6, 0.9170658588409424, 0.0
1.107646047059733e6, 1.1021954261651807e6, 0.9170708656311035, 0.0
1.107646047059733e6, 1.102207726569429e6, 0.917090892791748, 0.0
1.1074322342816745e6, 1.102207726569429e6, 1.1040918827056885, 0.0
1.1066246562960646e6, 1.102207726569429e6, 2.7955849170684814, 0.0
1.1063598100816552e6, 1.102207726569429e6, 2.795727014541626, 0.0
1.1063091281752884e6, 1.102207726569429e6, 3.4303879737854004, 0.0
1.1053599087815462e6, 1.102207726569429e6, 3.58611798286438, 0.0
1.1053408862959743e6, 1.102207726569429e6, 3.586432933807373, 0.0
1.1052607265942744e6, 1.102207726569429e6, 3.663892984390259, 0.0
1.1052607265942744e6, 1.102257581751989e6, 3.694571018218994, 0.0
1.1052607265942744e6, 1.1022743940249062e6, 3.6946399211883545, 0.0
1.1052607265942744e6, 1.10228681327304e6, 3.764101982116699, 0.0
1.1052607265942744e6, 1.102294787995194e6, 3.7641689777374268, 0.0
1.1052607265942744e6, 1.1022996957744316e6, 3.7642199993133545, 0.0
1.1052607265942744e6, 1.1023093068654626e6, 3.7642688751220703, 0.0
1.1052607265942744e6, 1.1023320611360322e6, 3.7643167972564697, 0.0
1.1052607265942744e6, 1.1023445165665322e6, 3.806173801422119, 0.0
1.1052607265942744e6, 1.1023609436041526e6, 3.8820419311523438, 0.0
1.1052607265942744e6, 1.102361553472127e6, 3.9226768016815186, 0.0
1.1052607265942744e6, 1.1023964566241032e6, 3.92272686958313, 0.0
1.1052607265942744e6, 1.102398438631353e6, 3.922792911529541, 0.0
1.1052607265942744e6, 1.1023993209335394e6, 3.9228718280792236, 0.0
1.1052487427924997e6, 1.1023993209335394e6, 4.015411853790283, 0.0
1.1052487427924997e6, 1.1024028177630357e6, 4.0625, 0.0
1.1052487427924997e6, 1.1024032120043742e6, 4.062546014785767, 0.0
1.1052487427924997e6, 1.1024182085070054e6, 4.0625739097595215, 0.0
1.1052487427924997e6, 1.1024266321601444e6, 4.062623977661133, 0.0
1.1052487427924997e6, 1.102429850852197e6, 4.062688827514648, 0.0
1.1052487427924997e6, 1.1024320119537632e6, 4.062745809555054, 0.0
1.1052487427924997e6, 1.102439469064141e6, 4.157104015350342, 0.0
1.1052487427924997e6, 1.1024492442822377e6, 4.157172918319702, 0.0
1.1052487427924997e6, 1.1024548595897853e6, 4.157235860824585, 0.0
1.1052487427924997e6, 1.1024550089260256e6, 4.157290935516357, 0.0
1.1052487427924997e6, 1.1024604286320873e6, 4.224236011505127, 0.0
1.1052487427924997e6, 1.1024620869386522e6, 4.224354982376099, 0.0
1.1052487427924997e6, 1.102467096688773e6, 4.224392890930176, 0.0
1.1052487427924997e6, 1.1024828367611037e6, 4.335343837738037, 0.0
1.1052487427924997e6, 1.1025114104399697e6, 4.335417985916138, 0.0
1.1052487427924997e6, 1.102514342180994e6, 4.3355748653411865, 0.0
1.1052487427924997e6, 1.1025294119143563e6, 4.33558988571167, 0.0
1.1052487427924997e6, 1.1025333200120537e6, 4.335660934448242, 0.0
1.1052487427924997e6, 1.1025431461963067e6, 4.335726976394653, 0.0
1.1052487427924997e6, 1.102544141509309e6, 4.335808992385864, 0.0
1.1052487427924997e6, 1.1025447939514108e6, 4.335891962051392, 0.0
1.1052487427924997e6, 1.1025463126451452e6, 4.396930932998657, 0.0
1.1052487427924997e6, 1.1025475616273722e6, 4.397018909454346, 0.0
1.1052487427924997e6, 1.1025531013634272e6, 4.397130966186523, 0.0
1.1052487427924997e6, 1.1025600781482877e6, 4.397215843200684, 0.0
1.1052487427924997e6, 1.1025606899295226e6, 4.39727783203125, 0.0
1.1052487427924997e6, 1.1025645895477266e6, 4.397341012954712, 0.0
1.1052487427924997e6, 1.102565882122555e6, 4.3974289894104, 0.0
1.1052487427924997e6, 1.1025666720971786e6, 4.397488832473755, 0.0
1.1052487427924997e6, 1.1025689938905614e6, 4.39750599861145, 0.0
1.1052487427924997e6, 1.1025700897330411e6, 4.4596710205078125, 0.0
1.1052487427924997e6, 1.102573131818e6, 4.459813833236694, 0.0
1.1052487427924997e6, 1.1025733823471812e6, 4.4599080085754395, 0.0
1.1052487427924997e6, 1.102576157200412e6, 4.459956884384155, 0.0
1.1052487427924997e6, 1.1025762272289349e6, 4.6814680099487305, 0.0
1.1052487427924997e6, 1.1026394956569066e6, 4.681495904922485, 0.0
1.1052487427924997e6, 1.1026505345285593e6, 4.75635290145874, 0.0
1.1052487427924997e6, 1.102668464281044e6, 4.756495952606201, 0.0
1.1052487427924997e6, 1.1026708078801942e6, 4.756567001342773, 0.0
1.1052487427924997e6, 1.1026710099120154e6, 4.756667852401733, 0.0
1.1052487427924997e6, 1.1026710596583444e6, 4.756728887557983, 0.0
1.1052487427924997e6, 1.1026712513114114e6, 4.756836891174316, 0.0
1.1052487427924997e6, 1.102675182773669e6, 4.756929874420166, 0.0
1.1052487427924997e6, 1.1026864867194735e6, 4.7570178508758545, 0.0
1.1052487427924997e6, 1.1026869965854788e6, 4.837116956710815, 0.0
1.1052487427924997e6, 1.102700213660224e6, 4.914853811264038, 0.0
1.1052487427924997e6, 1.1027023140657106e6, 4.914978981018066, 0.0
1.1052487427924997e6, 1.1027091448388747e6, 4.915096998214722, 0.0
1.1052487427924997e6, 1.1027093228547513e6, 4.91520881652832, 0.0
1.1052487427924997e6, 1.1027093949592607e6, 4.91530179977417, 0.0
1.1052487427924997e6, 1.1027155230426905e6, 4.915359973907471, 0.0
1.1052487427924997e6, 1.1027168370491983e6, 4.915441989898682, 0.0
1.1052487427924997e6, 1.1027172431117678e6, 4.9155189990997314, 0.0
1.1052487427924997e6, 1.1027243858212426e6, 5.003703832626343, 0.0
1.1052487427924997e6, 1.1027317387112607e6, 5.003780841827393, 0.0
1.1052487427924997e6, 1.1027359285279342e6, 5.003826856613159, 0.0
1.1052487427924997e6, 1.102739343152807e6, 5.003907918930054, 0.0
1.1052487427924997e6, 1.1027402513125893e6, 5.003995895385742, 0.0
1.1052487427924997e6, 1.1027412911350806e6, 5.004069805145264, 0.0
1.1052487427924997e6, 1.1027443479289536e6, 5.1465678215026855, 0.0
1.1052487427924997e6, 1.1027451230125932e6, 5.146661996841431, 0.0
1.1052487427924997e6, 1.102747373535078e6, 5.146791934967041, 0.0
1.1052487427924997e6, 1.1027488017593382e6, 5.146886825561523, 0.0
1.1052487427924997e6, 1.1027544039889462e6, 5.243952989578247, 0.0
1.1052487427924997e6, 1.1027584301768332e6, 5.244090795516968, 0.0
1.1052487427924997e6, 1.1027696654804677e6, 5.342557907104492, 0.0
1.1052487427924997e6, 1.1027731583249096e6, 5.342686891555786, 0.0
1.1052487427924997e6, 1.1027821300761316e6, 5.342787981033325, 0.0
1.1052487427924997e6, 1.1027854962308456e6, 5.342875003814697, 0.0
1.1052487427924997e6, 1.1027865114344659e6, 5.342950820922852, 0.0
1.1052487427924997e6, 1.1027887404710702e6, 5.343052864074707, 0.0
1.1052487427924997e6, 1.102790844790135e6, 5.343117952346802, 0.0
1.1052487427924997e6, 1.1027914958670146e6, 5.343165874481201, 0.0
1.1052487427924997e6, 1.1027969789080906e6, 5.343206882476807, 0.0
1.1052487427924997e6, 1.1027973283250881e6, 5.442364931106567, 0.0
1.1052487427924997e6, 1.1027983155444465e6, 5.442589998245239, 0.0
1.1052487427924997e6, 1.1028055808505185e6, 5.442698955535889, 0.0
1.1052487427924997e6, 1.1028179505194903e6, 5.546193838119507, 0.0
1.1052487427924997e6, 1.1028267532959166e6, 5.546365976333618, 0.0
1.1052487427924997e6, 1.102829672825294e6, 5.546491861343384, 0.0
1.1052487427924997e6, 1.1028302424282075e6, 5.546623945236206, 0.0
1.1052487427924997e6, 1.1028307086438218e6, 5.546730995178223, 0.0
1.1052487427924997e6, 1.1028326745618267e6, 5.546824932098389, 0.0
1.1052487427924997e6, 1.1028333038671208e6, 5.546955823898315, 0.0
1.1052487427924997e6, 1.1028522155622225e6, 5.547050952911377, 0.0
1.1052487427924997e6, 1.1028522155640903e6, 5.6475629806518555, 0.0
1.1052487427924997e6, 1.1028528589889207e6, 5.6476099491119385, 0.0
1.1052487427924997e6, 1.1028544763392683e6, 5.647716999053955, 0.0
1.1052487427924997e6, 1.1028547916939894e6, 5.647863864898682, 0.0
1.1052487427924997e6, 1.1028552918181496e6, 5.648029804229736, 0.0
1.1052487427924997e6, 1.1028614564382308e6, 5.648108005523682, 0.0
1.1052487427924997e6, 1.102863417709007e6, 5.648247957229614, 0.0
1.1052487427924997e6, 1.1028672266979406e6, 5.6483869552612305, 0.0
1.1052487427924997e6, 1.1028921878322733e6, 5.648535966873169, 0.0
1.1052487427924997e6, 1.1028943054612037e6, 5.761981010437012, 0.0
1.1052487427924997e6, 1.1029011101065604e6, 5.762218952178955, 0.0
1.1052487427924997e6, 1.1029028650987586e6, 5.762364864349365, 0.0
1.1052068872682615e6, 1.1029028650987586e6, 5.763427019119263, 0.0
1.1052068872682615e6, 1.1029095722365696e6, 5.763605833053589, 0.0
1.1052068872682615e6, 1.1029095722371181e6, 5.763751983642578, 0.0
1.1052068872682615e6, 1.1029097337139174e6, 5.763783931732178, 0.0
1.1052068872682615e6, 1.1029098297506515e6, 5.763935804367065, 0.0
1.1052068872682615e6, 1.1029116969807483e6, 5.764075994491577, 0.0
1.1052068872682615e6, 1.1029293336668597e6, 5.764292001724243, 0.0
1.1052068872682615e6, 1.1029314638502935e6, 6.2251458168029785, 0.0
1.1052068872682615e6, 1.102942134497237e6, 6.357641935348511, 0.0
1.1052068872682615e6, 1.10295208370605e6, 6.3579490184783936, 0.0
1.1052068872682615e6, 1.1029529864142546e6, 6.358325004577637, 0.0
1.1052068872682615e6, 1.1029558998982117e6, 6.358513832092285, 0.0
1.1052068872682615e6, 1.1029595322523012e6, 6.358730792999268, 0.0
1.1052068872682615e6, 1.1029598478955452e6, 6.358888864517212, 0.0
1.1052068872682615e6, 1.1029815089632622e6, 6.359035968780518, 0.0
1.1052068872682615e6, 1.1029839768841404e6, 6.530872821807861, 0.0
1.1052068872682615e6, 1.1029846813403827e6, 6.531087875366211, 0.0
1.1052068872682615e6, 1.102987184331451e6, 6.531256914138794, 0.0
1.1052068872682615e6, 1.10298738294641e6, 6.531392812728882, 0.0
1.1052068872682615e6, 1.1029882086806356e6, 6.53156590461731, 0.0
1.1052068872682615e6, 1.1029885484723195e6, 6.531728982925415, 0.0
1.1052068872682615e6, 1.1029885703876866e6, 6.5319108963012695, 0.0
1.1052068872682615e6, 1.1030000946712682e6, 6.532084941864014, 0.0
1.1052068872682615e6, 1.1030093931742734e6, 6.676567792892456, 0.0
1.1052068872682615e6, 1.103010934948057e6, 6.676715850830078, 0.0
1.1052068872682615e6, 1.10301227750512e6, 6.676783800125122, 0.0
1.1052068872682615e6, 1.1030134130237382e6, 6.677004814147949, 0.0
1.1052068872682615e6, 1.1030140013426065e6, 6.677055835723877, 0.0
1.1052068872682615e6, 1.1030147086840204e6, 6.677200794219971, 0.0
1.1052068872682615e6, 1.103016029276634e6, 6.677372932434082, 0.0
1.1052068872682615e6, 1.1030172453362965e6, 6.677565813064575, 0.0
1.1052068872682615e6, 1.1030283510461447e6, 6.677718877792358, 0.0
1.1052068872682615e6, 1.10303002196318e6, 6.828933954238892, 0.0
1.1052068872682615e6, 1.1030317370928903e6, 6.829195976257324, 0.0
1.1052068872682615e6, 1.1030327140316973e6, 6.82935094833374, 0.0
1.1052068872682615e6, 1.1030342789389489e6, 6.829531908035278, 0.0
1.1052068872682615e6, 1.103035945653663e6, 6.829680919647217, 0.0
1.1052068872682615e6, 1.103037023732675e6, 6.8298749923706055, 0.0
1.1052068872682615e6, 1.1030375465668258e6, 6.830058813095093, 0.0
1.1052068872682615e6, 1.1030381821232678e6, 6.830074787139893, 0.0
1.1052068872682615e6, 1.103063248720912e6, 6.830249786376953, 0.0
1.1052068872682615e6, 1.103066362679075e6, 6.984239816665649, 0.0
1.1052068872682615e6, 1.1030702346316183e6, 6.98452091217041, 0.0
1.1052068872682615e6, 1.103070653518121e6, 6.984681844711304, 0.0
1.1052068872682615e6, 1.1030730069904567e6, 6.985205888748169, 0.0
1.1052068872682615e6, 1.1030732062456307e6, 6.985405921936035, 0.0
1.1052068872682615e6, 1.1030852325990673e6, 6.985605001449585, 0.0
1.1052068872682615e6, 1.1030854923508663e6, 6.985754013061523, 0.0
1.1052068872682615e6, 1.103085603672004e6, 6.985827922821045, 0.0
1.1052068872682615e6, 1.1031068385229849e6, 6.985957860946655, 0.0
1.1052068872682615e6, 1.1031102101086644e6, 6.9860639572143555, 0.0
1.1052068872682615e6, 1.1031110871865535e6, 7.153735876083374, 0.0
1.1052068872682615e6, 1.103111096458788e6, 7.154007911682129, 0.0
1.1052068872682615e6, 1.1031270537683645e6, 7.15501594543457, 0.0
1.1052068872682615e6, 1.103142657413465e6, 7.155217885971069, 0.0
1.1052068872682615e6, 1.103147526829682e6, 7.364733934402466, 0.0
1.1052068872682615e6, 1.1031520449273775e6, 7.365055799484253, 0.0
1.1052068872682615e6, 1.1031520449296108e6, 7.365208864212036, 0.0
1.1052068872682615e6, 1.1031528790685753e6, 7.365229845046997, 0.0
1.1052068872682615e6, 1.103161362911725e6, 7.3653788566589355, 0.0
1.1052068872682615e6, 1.1031616234771176e6, 7.365610837936401, 0.0
1.1052068872682615e6, 1.1031617212728346e6, 7.365794897079468, 0.0
1.1052068872682615e6, 1.1031654797648282e6, 7.365998983383179, 0.0
1.1052068872682615e6, 1.1031759004606616e6, 7.3661909103393555, 0.0
1.1052068872682615e6, 1.1031887209354194e6, 7.366292953491211, 0.0
1.1052068872682615e6, 1.1031913756396996e6, 7.553974866867065, 0.0
1.1052068872682615e6, 1.1031915939874533e6, 7.554274797439575, 0.0
1.1052068872682615e6, 1.1031931414306825e6, 7.554525852203369, 0.0
1.1052068872682615e6, 1.103193141440693e6, 7.554731845855713, 0.0
1.1052068872682615e6, 1.1031932579201392e6, 7.554772853851318, 0.0
1.1052068872682615e6, 1.1031935180962726e6, 7.554955005645752, 0.0
1.1052068872682615e6, 1.1031939069582561e6, 7.555176019668579, 0.0
1.1052068872682615e6, 1.1031949371848842e6, 7.555396795272827, 0.0
1.1052068872682615e6, 1.103209366303138e6, 7.555622816085815, 0.0
1.1052068872682615e6, 1.1032125813910826e6, 7.555755853652954, 0.0
1.1052068872682615e6, 1.1032196471995641e6, 7.84868597984314, 0.0
1.1052068872682615e6, 1.1032340884286189e6, 9.15853500366211, 0.0
1.1052047106538387e6, 1.1032340884286189e6, 9.159259796142578, 0.0
1.1052047106538387e6, 1.1032443709348764e6, 9.373341798782349, 0.0
1.1052047106538387e6, 1.1032447198272194e6, 9.373747825622559, 0.0
1.1052047106538387e6, 1.103245813674057e6, 9.374035835266113, 0.0
1.1052047106538387e6, 1.1032489730900326e6, 9.374872922897339, 0.0
1.1052047106538387e6, 1.103249201413213e6, 9.3751540184021, 0.0
1.1052047106538387e6, 1.1032791486834039e6, 9.375404834747314, 0.0
1.1052047106538387e6, 1.1032844926541832e6, 9.667459964752197, 0.0
1.1052047106538387e6, 1.1032867534566545e6, 9.667876958847046, 0.0
1.1052047106538387e6, 1.103287084873732e6, 9.668207883834839, 0.0
1.1052047106538387e6, 1.1032885491726971e6, 9.668574810028076, 0.0
1.1052047106538387e6, 1.1032889758488066e6, 9.66893482208252, 0.0
1.1052047106538387e6, 1.1032889818396359e6, 9.669257879257202, 0.0
1.1052047106538387e6, 1.1032895503364482e6, 9.669575929641724, 0.0
1.1052047106538387e6, 1.1032905152181364e6, 9.66962194442749, 0.0
1.1052047106538387e6, 1.1033085949844664e6, 9.669922828674316, 0.0
1.1052047106538387e6, 1.1033085949848038e6, 9.890806913375854, 0.0
1.1052047106538387e6, 1.103312322005934e6, 9.890851974487305, 0.0
1.1052047106538387e6, 1.103317664103481e6, 9.891349792480469, 0.0
1.1052047106538387e6, 1.1033184450746416e6, 9.89166784286499, 0.0
1.1052047106538387e6, 1.103321202928363e6, 9.89201283454895, 0.0
1.1052047106538387e6, 1.1033216145464173e6, 9.892302989959717, 0.0
1.1052047106538387e6, 1.1033217563180139e6, 9.892632007598877, 0.0
1.1052047106538387e6, 1.103322753421342e6, 9.892940998077393, 0.0
1.1052047106538387e6, 1.1033512631728083e6, 9.893184900283813, 0.0
1.1052047106538387e6, 1.103355177615713e6, 10.118806838989258, 0.0
1.1052047106538387e6, 1.1033598788413613e6, 10.119164943695068, 0.0
1.1052047106538387e6, 1.1033626712101486e6, 10.119367837905884, 0.0
1.1052047106538387e6, 1.103364356019936e6, 10.119772911071777, 0.0
1.1052047106538387e6, 1.1033659281997965e6, 10.120031833648682, 0.0
1.1052047106538387e6, 1.1033665791917276e6, 10.120260000228882, 0.0
1.1052047106538387e6, 1.1033666384335598e6, 10.120548963546753, 0.0
1.1052047106538387e6, 1.1033780213584516e6, 10.120725870132446, 0.0
1.1052047106538387e6, 1.103378751364879e6, 10.359514951705933, 0.0
1.1052047106538387e6, 1.103382906363546e6, 10.359965801239014, 0.0
1.1052047106538387e6, 1.1033841656668913e6, 10.36029601097107, 0.0
1.1052047106538387e6, 1.1033846994490232e6, 10.360622882843018, 0.0
1.1052047106538387e6, 1.1033850952519127e6, 10.3609459400177, 0.0
1.1052047106538387e6, 1.1033863203205739e6, 10.361254930496216, 0.0
1.1052047106538387e6, 1.1033866458359174e6, 10.361572980880737, 0.0
1.1052047106538387e6, 1.1034094278206173e6, 10.361881971359253, 0.0
1.1052047106538387e6, 1.1034094849421782e6, 10.64522385597229, 0.0
1.1052047106538387e6, 1.1034130546880267e6, 10.64562201499939, 0.0
1.1052047106538387e6, 1.1034139665250257e6, 10.645980834960938, 0.0
1.1052047106538387e6, 1.1034143376690762e6, 10.646255016326904, 0.0
1.1052047106538387e6, 1.1034159112013762e6, 10.646520853042603, 0.0
1.1052047106538387e6, 1.1034162210577277e6, 10.646766901016235, 0.0
1.1052047106538387e6, 1.1034185646786948e6, 10.646811962127686, 0.0
1.1052047106538387e6, 1.1034189830147454e6, 10.647101879119873, 0.0
1.1052047106538387e6, 1.1034189830380243e6, 10.647287845611572, 0.0
1.1052047106538387e6, 1.1034413972061232e6, 10.647320985794067, 0.0
1.1051593666264438e6, 1.1034413972061232e6, 11.892661809921265, 0.0
1.1051593666264438e6, 1.1034443758257504e6, 12.331884860992432, 0.0
1.1051593666264438e6, 1.103445300653132e6, 12.33239483833313, 0.0
1.1051593666264438e6, 1.1034453419075317e6, 12.33260178565979, 0.0
1.1051593666264438e6, 1.103446033465125e6, 12.332962989807129, 0.0
1.1051593666264438e6, 1.103446969946399e6, 12.333043813705444, 0.0
1.1051593666264438e6, 1.1034471352655906e6, 12.333323001861572, 0.0
1.1051593666264438e6, 1.103447668856988e6, 12.333640813827515, 0.0
1.1051593666264438e6, 1.1034496382290693e6, 12.33397388458252, 0.0
1.1051593666264438e6, 1.1034520401271677e6, 12.615079879760742, 0.0
1.1051593666264438e6, 1.1034552220422132e6, 12.61566686630249, 0.0
1.1051593666264438e6, 1.1034579340608474e6, 12.6160409450531, 0.0
1.1051593666264438e6, 1.1034583236756478e6, 12.616415977478027, 0.0
1.1051593666264438e6, 1.1034607741999535e6, 12.616750955581665, 0.0
1.1051593666264438e6, 1.1034614009467007e6, 12.61714482307434, 0.0
1.1051593666264438e6, 1.1034640313856704e6, 12.617527961730957, 0.0
1.1051593666264438e6, 1.1034939977082605e6, 12.61788296699524, 0.0
1.1051593666264438e6, 1.1034952358324577e6, 13.002179861068726, 0.0
1.1051593666264438e6, 1.1034983500227295e6, 13.00252890586853, 0.0
1.1051593666264438e6, 1.1034998608453358e6, 13.002808809280396, 0.0
1.1051593666264438e6, 1.1035002560510107e6, 13.003098964691162, 0.0
1.1051593666264438e6, 1.1035038207464938e6, 13.00348687171936, 0.0
1.1051593666264438e6, 1.1035039161308452e6, 13.003845930099487, 0.0
1.1051593666264438e6, 1.103504375613238e6, 13.004158020019531, 0.0
1.1051593666264438e6, 1.1035097756641528e6, 13.004337787628174, 0.0
1.1051593666264438e6, 1.1035102418021022e6, 13.317739009857178, 0.0
1.1051593666264438e6, 1.1035116749103246e6, 13.318530797958374, 0.0
1.1051593666264438e6, 1.1035118432552565e6, 13.318955898284912, 0.0
1.1051593666264438e6, 1.1035127090743976e6, 13.319591999053955, 0.0
1.1051593666264438e6, 1.1035138461532928e6, 13.320052862167358, 0.0
1.1051593666264438e6, 1.1035151763971467e6, 13.320434808731079, 0.0
1.1051593666264438e6, 1.103515938060872e6, 13.320843935012817, 0.0
1.1051593666264438e6, 1.1035332589888761e6, 13.321295976638794, 0.0
1.1051593666264438e6, 1.103536887123166e6, 13.321448802947998, 0.0
1.1051593666264438e6, 1.1035484867519385e6, 13.321506977081299, 0.0
1.1051593666264438e6, 1.1035486635182963e6, 13.670689821243286, 0.0
1.1051593666264438e6, 1.1035520584286882e6, 13.671180963516235, 0.0
1.1051593666264438e6, 1.1035520709745043e6, 13.671494007110596, 0.0
1.1051593666264438e6, 1.103552913473211e6, 13.671799898147583, 0.0
1.1051593666264438e6, 1.103553084236786e6, 13.672016859054565, 0.0
1.1051593666264438e6, 1.10355471617654e6, 13.672377824783325, 0.0
1.1051593666264438e6, 1.1035548080366766e6, 13.672736883163452, 0.0
1.1051593666264438e6, 1.1035708222539658e6, 13.673089981079102, 0.0
1.1051593666264438e6, 1.1035726637824136e6, 13.979676008224487, 0.0
1.1051593666264438e6, 1.1035728258789906e6, 13.980225801467896, 0.0
1.1051593666264438e6, 1.103572998127644e6, 13.980659008026123, 0.0
1.1051593666264438e6, 1.1035758452372295e6, 13.98107099533081, 0.0
1.1051593666264438e6, 1.1035774089014998e6, 13.98151183128357, 0.0
1.1051593666264438e6, 1.1035774089015091e6, 13.981934785842896, 0.0
1.1051593666264438e6, 1.1035776516878898e6, 13.981971979141235, 0.0
1.1051593666264438e6, 1.1035796826217999e6, 13.982440948486328, 0.0
1.1051593666264438e6, 1.1036024142307248e6, 13.982829809188843, 0.0
1.1051593666264438e6, 1.1036027904015682e6, 13.98304295539856, 0.0
1.1051593666264438e6, 1.1036041460750387e6, 13.983112812042236, 0.0
1.1051593666264438e6, 1.1036059378070566e6, 14.331695795059204, 0.0
1.1051593666264438e6, 1.1036062451682002e6, 14.332082986831665, 0.0
1.1051593666264438e6, 1.1036086953683188e6, 14.332520961761475, 0.0
1.1051593666264438e6, 1.1036094245872055e6, 14.332899808883667, 0.0
1.1051593666264438e6, 1.1036116225775755e6, 14.333184003829956, 0.0
1.1051593666264438e6, 1.1036124687169332e6, 14.333439826965332, 0.0
1.1051593666264438e6, 1.1036125214845433e6, 14.33381700515747, 0.0
1.1051593666264438e6, 1.1036191548258178e6, 14.334224939346313, 0.0
1.1051593666264438e6, 1.1036277344342875e6, 14.64636492729187, 0.0
1.1051593666264438e6, 1.1036281845239208e6, 14.646414995193481, 0.0
1.1051593666264438e6, 1.10362940490174e6, 14.64677381515503, 0.0
1.1051593666264438e6, 1.1036348870306562e6, 14.64711880683899, 0.0
1.1051593666264438e6, 1.1036366873784722e6, 14.647280931472778, 0.0
1.1051593666264438e6, 1.103637928185481e6, 14.647317886352539, 0.0
1.1051593666264438e6, 1.1036384610248338e6, 14.64734697341919, 0.0
1.1051593666264438e6, 1.1036432357058965e6, 14.647396802902222, 0.0
1.1051593666264438e6, 1.103646678915754e6, 14.96795392036438, 0.0
1.1051593666264438e6, 1.1036484712779373e6, 14.96861982345581, 0.0
1.1051593666264438e6, 1.1036486940058016e6, 14.969010829925537, 0.0
1.1051593666264438e6, 1.10365087180431e6, 14.969455003738403, 0.0
1.1051593666264438e6, 1.1036510069953892e6, 14.969878911972046, 0.0
1.1051593666264438e6, 1.1036528050803472e6, 14.970285892486572, 0.0
1.1051593666264438e6, 1.1036528082890052e6, 14.970679998397827, 0.0
1.1051593666264438e6, 1.1036612471169e6, 14.971077919006348, 0.0
1.1051593666264438e6, 1.1036633079046633e6, 14.97123098373413, 0.0
1.1051593666264438e6, 1.1036718307959074e6, 14.971256017684937, 0.0
1.1051593666264438e6, 1.10367490336512e6, 15.291833877563477, 0.0
1.1051593666264438e6, 1.1036754962307045e6, 15.292496919631958, 0.0
1.1051593666264438e6, 1.103675894577779e6, 15.292987823486328, 0.0
1.1051593666264438e6, 1.1036763824416397e6, 15.293473958969116, 0.0
1.1051593666264438e6, 1.103676382444095e6, 15.293942928314209, 0.0
1.1051593666264438e6, 1.1036770248561483e6, 15.294380903244019, 0.0
1.1051593666264438e6, 1.1036771437833272e6, 15.294817924499512, 0.0
1.1051593666264438e6, 1.103684736095959e6, 15.295251846313477, 0.0
1.1051593666264438e6, 1.1036931144795937e6, 15.295302867889404, 0.0
1.1051593666264438e6, 1.1036937014644209e6, 15.295403957366943, 0.0
1.1051593666264438e6, 1.1037008114548333e6, 15.295560836791992, 0.0
1.1051593666264438e6, 1.1037030968665662e6, 15.765662908554077, 0.0
1.1051593666264438e6, 1.1037045417328996e6, 15.766343832015991, 0.0
1.1051593666264438e6, 1.1037049800277199e6, 15.767006874084473, 0.0
1.1051593666264438e6, 1.103705222379053e6, 15.76756501197815, 0.0
1.1051593666264438e6, 1.103706991956084e6, 15.768324851989746, 0.0
1.1051593666264438e6, 1.103707415811089e6, 15.768898963928223, 0.0
1.1051593666264438e6, 1.1037075524955615e6, 15.769637823104858, 0.0
1.1051593666264438e6, 1.1037210522719542e6, 15.770159006118774, 0.0
1.105116349939284e6, 1.1037210522719542e6, 16.962299823760986, 0.0
1.105116349939284e6, 1.1037225176479085e6, 17.345587968826294, 0.0
1.105116349939284e6, 1.1037225574006757e6, 17.345650911331177, 0.0
1.105116349939284e6, 1.1037228274984285e6, 17.346077919006348, 0.0
1.105116349939284e6, 1.1037244420952557e6, 17.34649395942688, 0.0
1.105116349939284e6, 1.1037270905483775e6, 17.34706401824951, 0.0
1.105116349939284e6, 1.103728176022981e6, 17.34765386581421, 0.0
1.105116349939284e6, 1.1037300337053905e6, 17.34797501564026, 0.0
1.105116349939284e6, 1.1037316820627248e6, 17.34837794303894, 0.0
1.105116349939284e6, 1.1037445367682448e6, 17.34874701499939, 0.0
1.105116349939284e6, 1.1037449119311417e6, 17.34890580177307, 0.0
1.105116349939284e6, 1.1037457358215277e6, 17.703934907913208, 0.0
1.105116349939284e6, 1.1037471624335595e6, 17.704614877700806, 0.0
1.105116349939284e6, 1.1037473870892052e6, 17.70512080192566, 0.0
1.105116349939284e6, 1.1037481998329796e6, 17.70555090904236, 0.0
1.105116349939284e6, 1.103748292226416e6, 17.706082820892334, 0.0
1.105116349939284e6, 1.1037491754197448e6, 17.706509828567505, 0.0
1.105116349939284e6, 1.103749334636305e6, 17.707026958465576, 0.0
1.105116349939284e6, 1.103749530139896e6, 17.707567930221558, 0.0
1.105116349939284e6, 1.103759352638315e6, 17.707603931427002, 0.0
1.105116349939284e6, 1.103772065540121e6, 17.70770001411438, 0.0
1.105116349939284e6, 1.1037731879188367e6, 18.060353994369507, 0.0
1.105116349939284e6, 1.1037744863931076e6, 18.060958862304688, 0.0
1.105116349939284e6, 1.1037750184471898e6, 18.06136989593506, 0.0
1.105116349939284e6, 1.1037756494024545e6, 18.06175684928894, 0.0
1.105116349939284e6, 1.1037762622770672e6, 18.06207585334778, 0.0
1.105116349939284e6, 1.1037767099291466e6, 18.062505960464478, 0.0
1.105116349939284e6, 1.1037767434243187e6, 18.06292986869812, 0.0
1.105116349939284e6, 1.1037881349743432e6, 18.06336283683777, 0.0
1.105116349939284e6, 1.1037921091197336e6, 18.06363081932068, 0.0
1.105116349939284e6, 1.1037921665729545e6, 18.40007996559143, 0.0
1.105116349939284e6, 1.103793710531027e6, 18.400770902633667, 0.0
1.105116349939284e6, 1.1037937205067733e6, 18.401278018951416, 0.0
1.105116349939284e6, 1.1037942668255845e6, 18.401872873306274, 0.0
1.105116349939284e6, 1.1037950735679457e6, 18.402362823486328, 0.0
1.105116349939284e6, 1.1037958225946927e6, 18.40288496017456, 0.0
1.105116349939284e6, 1.103796055903529e6, 18.40328598022461, 0.0
1.105116349939284e6, 1.1038094886631612e6, 18.40374994277954, 0.0
1.105116349939284e6, 1.103814148608518e6, 19.17198896408081, 0.0
1.105116349939284e6, 1.1038164023908735e6, 19.17260980606079, 0.0
1.105116349939284e6, 1.1038178299985458e6, 19.17306685447693, 0.0
1.105116349939284e6, 1.1038189341429374e6, 19.17354989051819, 0.0
1.105116349939284e6, 1.1038204483456586e6, 19.174157857894897, 0.0
1.105116349939284e6, 1.1038223528763528e6, 19.17465901374817, 0.0
1.105116349939284e6, 1.1038225572291708e6, 19.175095796585083, 0.0
1.105116349939284e6, 1.1038371624641698e6, 19.175511837005615, 0.0
1.105116349939284e6, 1.103842169865435e6, 19.175737857818604, 0.0
1.105116349939284e6, 1.1038440611193252e6, 19.175740003585815, 0.0
1.105116349939284e6, 1.103844443222244e6, 19.533206939697266, 0.0
1.105116349939284e6, 1.1038450553791237e6, 19.53365683555603, 0.0
1.105116349939284e6, 1.103845230169572e6, 19.534044981002808, 0.0
1.105116349939284e6, 1.103845501518985e6, 19.534322023391724, 0.0
1.105116349939284e6, 1.1038455962138562e6, 19.534708976745605, 0.0
1.105116349939284e6, 1.1038458320804713e6, 19.535175800323486, 0.0
1.105116349939284e6, 1.1038461427089653e6, 19.53551697731018, 0.0
1.105116349939284e6, 1.103853376057226e6, 19.535899877548218, 0.0
1.105116349939284e6, 1.1038540920363148e6, 19.867369890213013, 0.0
1.105116349939284e6, 1.1038545476396831e6, 19.8678879737854, 0.0
1.105116349939284e6, 1.1038546927694513e6, 19.86837387084961, 0.0
1.105116349939284e6, 1.1038552739552886e6, 19.868908882141113, 0.0
1.105116349939284e6, 1.1038553220975625e6, 19.869345903396606, 0.0
1.105116349939284e6, 1.1038555218855306e6, 19.869804859161377, 0.0
1.105116349939284e6, 1.103855784110031e6, 19.87026882171631, 0.0
1.105116349939284e6, 1.1038602364017316e6, 19.870718002319336, 0.0
1.105116349939284e6, 1.1038612541890654e6, 19.870845794677734, 0.0
1.105116349939284e6, 1.1038710899008918e6, 19.870884895324707, 0.0
1.105116349939284e6, 1.1038723272120513e6, 19.870951890945435, 0.0
1.105116349939284e6, 1.1038728538982468e6, 20.20670199394226, 0.0
1.105116349939284e6, 1.1038738619258811e6, 20.207258939743042, 0.0
1.105116349939284e6, 1.1038748792056995e6, 20.20763087272644, 0.0
1.105116349939284e6, 1.103875499192203e6, 20.208027839660645, 0.0
1.105116349939284e6, 1.1038755460395596e6, 20.208433866500854, 0.0
1.105116349939284e6, 1.1038760821900873e6, 20.208778858184814, 0.0
1.105116349939284e6, 1.103876347695082e6, 20.209163904190063, 0.0
1.105116349939284e6, 1.10388309962617e6, 20.209564924240112, 0.0
1.105116349939284e6, 1.1038875162314621e6, 20.209690809249878, 0.0
1.105116349939284e6, 1.1038903823785705e6, 20.209846019744873, 0.0
1.105116349939284e6, 1.1038916358921754e6, 20.540839910507202, 0.0
1.105116349939284e6, 1.103892037161578e6, 20.541273832321167, 0.0
1.105116349939284e6, 1.1038923884051123e6, 20.54190683364868, 0.0
1.105116349939284e6, 1.1038929962004567e6, 20.54228401184082, 0.0
1.105116349939284e6, 1.1038930100534698e6, 20.542629957199097, 0.0
1.105116349939284e6, 1.1038930489906583e6, 20.542995929718018, 0.0
1.105116349939284e6, 1.1038931786586074e6, 20.54300284385681, 0.0
1.105116349939284e6, 1.103893788256332e6, 20.543404817581177, 0.0
1.105116349939284e6, 1.103904046678498e6, 20.543726921081543, 0.0
1.105116349939284e6, 1.1039071933678938e6, 20.543840885162354, 0.0
1.105116349939284e6, 1.103908477717994e6, 20.90041995048523, 0.0
1.105116349939284e6, 1.1039087863579912e6, 20.90080499649048, 0.0
1.105116349939284e6, 1.1039087993204077e6, 20.90122389793396, 0.0
1.105116349939284e6, 1.103909027249001e6, 20.901610851287842, 0.0
1.105116349939284e6, 1.103909244201217e6, 20.90178894996643, 0.0
1.105116349939284e6, 1.1039095053829756e6, 20.902203798294067, 0.0
1.105116349939284e6, 1.1039099842779606e6, 20.902540922164917, 0.0
1.105116349939284e6, 1.1039136782703958e6, 20.902920961380005, 0.0
1.1051125365169272e6, 1.1039136782703958e6, 21.920211791992188, 0.0
1.1051125365169272e6, 1.1039154474499826e6, 24.021915912628174, 0.0
1.1051125365169272e6, 1.103916470479643e6, 24.025765895843506, 0.0
1.1051125365169272e6, 1.1039185192024072e6, 24.02890396118164, 0.0
1.1051125365169272e6, 1.1039186692475039e6, 24.03218984603882, 0.0
1.1051125365169272e6, 1.1039206174658206e6, 24.03545594215393, 0.0
1.1051125365169272e6, 1.103920779175248e6, 24.03863787651062, 0.0
1.1051125365169272e6, 1.1039212453469022e6, 24.041629791259766, 0.0
1.1051125365169272e6, 1.1039212863069773e6, 24.04171586036682, 0.0
1.1051125365169272e6, 1.103922175509575e6, 24.044622898101807, 0.0
1.1051125365169272e6, 1.103925847477853e6, 24.044745922088623, 0.0
1.1051125365169272e6, 1.1039308794944878e6, 24.04483199119568, 0.0
1.1051125365169272e6, 1.1039375512546296e6, 24.044904947280884, 0.0
1.1051125365169272e6, 1.1039459958854786e6, 24.0452938079834, 0.0
1.1051125365169272e6, 1.103959886920402e6, 24.045578002929688, 0.0
1.1051125365169272e6, 1.1039630515378257e6, 24.04600691795349, 0.0
1.1051125365169272e6, 1.1039804511397365e6, 24.046190977096558, 0.0
1.1051125365169272e6, 1.1039815508598762e6, 24.046358823776245, 0.0
1.1051125365169272e6, 1.1039825711056013e6, 24.04665493965149, 0.0
1.1051125365169272e6, 1.1039825906138562e6, 24.369534015655518, 0.0
1.1051125365169272e6, 1.1039825906141072e6, 24.370067834854126, 0.0
1.1051125365169272e6, 1.1039825955232505e6, 24.370080947875977, 0.0
1.1051125365169272e6, 1.1039826310511157e6, 24.37050199508667, 0.0
1.1051125365169272e6, 1.103982659416118e6, 24.371030807495117, 0.0
1.1051125365169272e6, 1.10398270029386e6, 24.371442794799805, 0.0
1.1051125365169272e6, 1.1039827538906042e6, 24.37178897857666, 0.0
1.1051125365169272e6, 1.1039839955943453e6, 24.372649908065796, 0.0
1.1051125365169272e6, 1.103985041537098e6, 24.372734785079956, 0.0
1.1051125365169272e6, 1.1039875161255337e6, 24.372809886932373, 0.0
1.1051125365169272e6, 1.1039939124640755e6, 24.37286686897278, 0.0
1.1051125365169272e6, 1.1039946403364434e6, 24.681078910827637, 0.0
1.1051125365169272e6, 1.103994977202005e6, 24.681549787521362, 0.0
1.1051125365169272e6, 1.1039962382799112e6, 24.681907892227173, 0.0
1.1051125365169272e6, 1.1039964654161825e6, 24.68227982521057, 0.0
1.1051125365169272e6, 1.1039965937172382e6, 24.682588815689087, 0.0
1.1051125365169272e6, 1.1039968992350162e6, 24.683012008666992, 0.0
1.1051125365169272e6, 1.1039969755813063e6, 24.683385848999023, 0.0
1.1051125365169272e6, 1.1039997455126054e6, 24.683709859848022, 0.0
1.1051125365169272e6, 1.1040054784178059e6, 24.683779001235962, 0.0
1.1051125365169272e6, 1.104006632774923e6, 24.68393898010254, 0.0
1.1051125365169272e6, 1.1040082533441605e6, 25.0105299949646, 0.0
1.1051125365169272e6, 1.1040086600298088e6, 25.011196851730347, 0.0
1.1051125365169272e6, 1.104008849054019e6, 25.0116229057312, 0.0
1.1051125365169272e6, 1.1040088998944259e6, 25.012098789215088, 0.0
1.1051125365169272e6, 1.1040089346376332e6, 25.012507915496826, 0.0
1.1051125365169272e6, 1.104009203829465e6, 25.012916803359985, 0.0
1.1051125365169272e6, 1.1040092632732375e6, 25.013396978378296, 0.0
1.1051125365169272e6, 1.1040112631187441e6, 25.0138578414917, 0.0
1.1051125365169272e6, 1.1040128641474561e6, 25.013949871063232, 0.0
1.1051125365169272e6, 1.1040169933340314e6, 25.014002799987793, 0.0
1.1051125365169272e6, 1.1040203255389512e6, 25.01409387588501, 0.0
1.1051125365169272e6, 1.1040208162813406e6, 25.354198932647705, 0.0
1.1051125365169272e6, 1.1040209665815886e6, 25.354671001434326, 0.0
1.1051125365169272e6, 1.1040211072225962e6, 25.355103015899658, 0.0
1.1051125365169272e6, 1.1040213037179955e6, 25.35550093650818, 0.0
1.1051125365169272e6, 1.1040219215533803e6, 25.355909824371338, 0.0
1.1051125365169272e6, 1.1040223221353653e6, 25.356297969818115, 0.0
1.1051125365169272e6, 1.1040227002161327e6, 25.356679916381836, 0.0
1.1051125365169272e6, 1.1040264837221568e6, 25.35709285736084, 0.0
1.1051125365169272e6, 1.1040281113160483e6, 25.35720181465149, 0.0
1.1051125365169272e6, 1.1040291858186475e6, 25.357204914093018, 0.0
1.1051125365169272e6, 1.1040297838230995e6, 26.483625888824463, 0.0
1.1051125365169272e6, 1.104030191168782e6, 26.83148694038391, 0.0
1.1051125365169272e6, 1.1040306662994307e6, 26.833967924118042, 0.0
1.1051125365169272e6, 1.1040307004626303e6, 26.834577798843384, 0.0
1.1051125365169272e6, 1.1040307670000363e6, 26.834996938705444, 0.0
1.1051125365169272e6, 1.1040308332681966e6, 26.835465908050537, 0.0
1.1051125365169272e6, 1.104030981410504e6, 26.835958003997803, 0.0
1.1051125365169272e6, 1.1040311120025662e6, 26.836416959762573, 0.0
1.1051125365169272e6, 1.10403487778953e6, 26.837255001068115, 0.0
1.1051125365169272e6, 1.1040387938731683e6, 26.837888956069946, 0.0
1.1051125365169272e6, 1.1040396002956482e6, 27.141263008117676, 0.0
1.1051125365169272e6, 1.104040293453011e6, 27.14187479019165, 0.0
1.1051125365169272e6, 1.1040414801766486e6, 27.14231300354004, 0.0
1.1051125365169272e6, 1.1040422005722588e6, 27.142709970474243, 0.0
1.1051125365169272e6, 1.1040422517966912e6, 27.143112897872925, 0.0
1.1051125365169272e6, 1.1040425752882014e6, 27.143595933914185, 0.0
1.1051125365169272e6, 1.1040426995258993e6, 27.14396595954895, 0.0
1.1051125365169272e6, 1.1040446044557854e6, 27.144344806671143, 0.0
1.1051125365169272e6, 1.1040496008540208e6, 27.14439582824707, 0.0
1.1051125365169272e6, 1.1040509715798025e6, 27.14458179473877, 0.0
1.1051125365169272e6, 1.1040513886743865e6, 27.144662857055664, 0.0
1.1051125365169272e6, 1.1040513886752632e6, 27.621985912322998, 0.0
1.1051125365169272e6, 1.1040520659271632e6, 27.62203288078308, 0.0
1.1051125365169272e6, 1.1040523811808596e6, 27.622512817382812, 0.0
1.1051125365169272e6, 1.10405290540435e6, 27.623172998428345, 0.0
1.1051125365169272e6, 1.104053118110826e6, 27.623803853988647, 0.0
1.1051125365169272e6, 1.1040532441019537e6, 27.624406814575195, 0.0
1.1051125365169272e6, 1.1040533103004976e6, 27.624963998794556, 0.0
1.1051125365169272e6, 1.104053310310327e6, 27.62554097175598, 0.0
1.1051125365169272e6, 1.1040537573307296e6, 27.625586986541748, 0.0
1.1051125365169272e6, 1.104062368164408e6, 27.626243829727173, 0.0
1.1051125365169272e6, 1.1040638313368685e6, 27.95225191116333, 0.0
1.1051125365169272e6, 1.1040647396681914e6, 27.952818870544434, 0.0
1.1051125365169272e6, 1.1040655839994492e6, 27.953383922576904, 0.0
1.1051125365169272e6, 1.104065980685079e6, 27.95380401611328, 0.0
1.1051125365169272e6, 1.1040663296528496e6, 27.961485862731934, 0.0
1.1051125365169272e6, 1.1040665501750326e6, 27.96199679374695, 0.0
1.1051125365169272e6, 1.1040669586207792e6, 27.96252179145813, 0.0
1.1051125365169272e6, 1.1040745130654117e6, 27.962907791137695, 0.0
1.1051125365169272e6, 1.1040763176129637e6, 27.962941884994507, 0.0
1.1051125365169272e6, 1.1040776006084953e6, 27.963279962539673, 0.0
1.1051125365169272e6, 1.104078214805463e6, 28.285948991775513, 0.0
1.1051125365169272e6, 1.104078653762816e6, 28.286414861679077, 0.0
1.1051125365169272e6, 1.1040790724624991e6, 28.286826848983765, 0.0
1.1051125365169272e6, 1.1040794330424685e6, 28.28724479675293, 0.0
1.1051125365169272e6, 1.1040794741963923e6, 28.28766679763794, 0.0
1.1051125365169272e6, 1.1040796783030713e6, 28.288094997406006, 0.0
1.1051125365169272e6, 1.1040799272810877e6, 28.28845191001892, 0.0
1.1051125365169272e6, 1.104081050511828e6, 28.288776874542236, 0.0
1.1051125365169272e6, 1.1040896019835908e6, 28.288794994354248, 0.0
1.1051125365169272e6, 1.1040896416348636e6, 28.60982394218445, 0.0
1.1051125365169272e6, 1.1040901649936629e6, 28.61041784286499, 0.0
1.1051125365169272e6, 1.1040903521407328e6, 28.610931873321533, 0.0
1.1051125365169272e6, 1.1040904784207314e6, 28.61136794090271, 0.0
1.1051125365169272e6, 1.1040905118513547e6, 28.61180090904236, 0.0
1.1051125365169272e6, 1.1040905281453074e6, 28.612262964248657, 0.0
1.1051125365169272e6, 1.1040907274297054e6, 28.61273694038391, 0.0
1.1051125365169272e6, 1.1040967029709395e6, 28.613173961639404, 0.0
1.1051125365169272e6, 1.1040973960248088e6, 28.960734844207764, 0.0
1.1051125365169272e6, 1.1040982547959022e6, 28.961211919784546, 0.0
1.1051125365169272e6, 1.104098391078109e6, 28.961403846740723, 0.0
1.1051125365169272e6, 1.1040986197068002e6, 28.96184492111206, 0.0
1.1051125365169272e6, 1.1040991058729454e6, 28.962247848510742, 0.0
1.1051125365169272e6, 1.1040992775827332e6, 28.962663888931274, 0.0
1.1051125365169272e6, 1.1040997811235667e6, 28.963016986846924, 0.0
1.1051125365169272e6, 1.1041016174284478e6, 28.963435888290405, 0.0
1.1051125365169272e6, 1.1041038544681328e6, 28.96349000930786, 0.0
1.1051125365169272e6, 1.104104784575046e6, 29.28638982772827, 0.0
1.1051125365169272e6, 1.1041055342051266e6, 29.286940813064575, 0.0
1.1051125365169272e6, 1.1041060228960512e6, 29.28747797012329, 0.0
1.1051125365169272e6, 1.1041064556851198e6, 29.287946939468384, 0.0
1.1051125365169272e6, 1.1041068291361062e6, 29.28840184211731, 0.0
1.1051125365169272e6, 1.1041076196491278e6, 29.288859844207764, 0.0
1.1051125365169272e6, 1.1041078144419491e6, 29.28934097290039, 0.0
1.1051125365169272e6, 1.1041183713763172e6, 29.2898108959198, 0.0
1.1051125365169272e6, 1.1041195749904981e6, 29.65464687347412, 0.0
1.1051125365169272e6, 1.1041196176814868e6, 29.655118942260742, 0.0
1.1051125365169272e6, 1.1041197968058027e6, 29.65553879737854, 0.0
1.1051125365169272e6, 1.1041200551984e6, 29.655829906463623, 0.0
1.1051125365169272e6, 1.1041202414460003e6, 29.65624189376831, 0.0
1.1051125365169272e6, 1.104120473917386e6, 29.65665578842163, 0.0
1.1051125365169272e6, 1.104120489713013e6, 29.65693497657776, 0.0
1.1051125365169272e6, 1.104126058923358e6, 29.65731692314148, 0.0
1.1051125365169272e6, 1.1041265673707963e6, 29.97800898551941, 0.0
1.1051125365169272e6, 1.1041270987391113e6, 29.97862195968628, 0.0
1.1051125365169272e6, 1.1041272796502125e6, 29.979103803634644, 0.0
1.1051125365169272e6, 1.104127441868817e6, 29.979557991027832, 0.0
1.1051125365169272e6, 1.1041274649493448e6, 29.980105876922607, 0.0
1.1051125365169272e6, 1.1041274711583e6, 29.98057985305786, 0.0
1.1051125365169272e6, 1.1041277447367038e6, 29.981056928634644, 0.0
1.1051125365169272e6, 1.1041377388201419e6, 29.98143196105957, 0.0
1.1051125365169272e6, 1.1041382669383052e6, 30.34516191482544, 0.0
1.1051125365169272e6, 1.1041385832299204e6, 30.345767974853516, 0.0
1.1051125365169272e6, 1.1041387671069254e6, 30.346168994903564, 0.0
1.1051125365169272e6, 1.10413909884627e6, 30.34653401374817, 0.0
1.1051125365169272e6, 1.1041393059646587e6, 30.34670090675354, 0.0
1.1051125365169272e6, 1.104139357187609e6, 30.34707999229431, 0.0
1.1051125365169272e6, 1.1041393800500527e6, 30.34748601913452, 0.0
1.1051125365169272e6, 1.1041428335103747e6, 30.347670793533325, 0.0
1.1051125365169272e6, 1.104143397981165e6, 31.69396185874939, 0.0
1.1051125365169272e6, 1.1041436770559568e6, 31.694469928741455, 0.0
1.1051125365169272e6, 1.1041438314556028e6, 31.69477891921997, 0.0
1.1051125365169272e6, 1.1041442555335907e6, 31.695161819458008, 0.0
1.1051125365169272e6, 1.1041446107342292e6, 31.69551396369934, 0.0
1.1051125365169272e6, 1.1041447889006918e6, 31.69585394859314, 0.0
1.1051125365169272e6, 1.1041454239044301e6, 31.696136951446533, 0.0
1.1051125365169272e6, 1.1041454239045118e6, 31.696565866470337, 0.0
1.1051125365169272e6, 1.1041523074008953e6, 31.69659996032715, 0.0
1.1051125365169272e6, 1.1041538825411822e6, 31.696775913238525, 0.0
1.1051125365169272e6, 1.1041541939427375e6, 32.142699003219604, 0.0
1.1051125365169272e6, 1.1041543130860343e6, 32.14330196380615, 0.0
1.1051125365169272e6, 1.104154566271092e6, 32.14367699623108, 0.0
1.1051125365169272e6, 1.1041553678663692e6, 32.144229888916016, 0.0
1.1051125365169272e6, 1.1041553883716455e6, 32.144704818725586, 0.0
1.1051125365169272e6, 1.1041554582234048e6, 32.145206928253174, 0.0
1.1051125365169272e6, 1.104156024358034e6, 32.14574599266052, 0.0
1.1051125365169272e6, 1.1041570980894759e6, 32.14599680900574, 0.0
1.1051125365169272e6, 1.1041601240138593e6, 32.14603900909424, 0.0
1.1051125365169272e6, 1.104161558295955e6, 32.14620399475098, 0.0
1.1051125365169272e6, 1.1041618676227203e6, 32.51059579849243, 0.0
1.1051125365169272e6, 1.1041620732266477e6, 32.51125383377075, 0.0
1.1051125365169272e6, 1.1041622656699324e6, 32.512144804000854, 0.0
1.1051125365169272e6, 1.1041625813556062e6, 32.512677907943726, 0.0
1.1051125365169272e6, 1.1041626834849329e6, 32.51320791244507, 0.0
1.1051125365169272e6, 1.104162715864603e6, 32.513749837875366, 0.0
1.1051125365169272e6, 1.1041630601423858e6, 32.51429295539856, 0.0
1.1051125365169272e6, 1.1041680490600213e6, 32.51486301422119, 0.0
1.1051125365169272e6, 1.1041719516907604e6, 32.515161991119385, 0.0
1.1051125365169272e6, 1.1041720002259156e6, 32.97641587257385, 0.0
1.1051125365169272e6, 1.1041724766006868e6, 32.97712182998657, 0.0
1.1051125365169272e6, 1.1041734436697029e6, 32.977577924728394, 0.0
1.1051125365169272e6, 1.1041743385435452e6, 32.97814083099365, 0.0
1.1051125365169272e6, 1.1041745148120532e6, 32.978679895401, 0.0
1.1051125365169272e6, 1.1041746278120612e6, 32.97919988632202, 0.0
1.1051125365169272e6, 1.1041746970191263e6, 32.97959899902344, 0.0
1.1051125365169272e6, 1.1041811255090155e6, 32.98013997077942, 0.0
1.1051125365169272e6, 1.1041838058220444e6, 32.980512857437134, 0.0
1.1051125365169272e6, 1.1041838507990143e6, 33.32792091369629, 0.0
1.1051125365169272e6, 1.1041841288725834e6, 33.3285698890686, 0.0
1.1051125365169272e6, 1.1041841288732071e6, 33.32910394668579, 0.0
1.1051125365169272e6, 1.104184145971261e6, 33.32913279533386, 0.0
1.1051125365169272e6, 1.1041843048085188e6, 33.32959485054016, 0.0
1.1051125365169272e6, 1.1041843991705598e6, 33.33009696006775, 0.0
1.1051125365169272e6, 1.1041844276334262e6, 33.33061981201172, 0.0
1.1051125365169272e6, 1.1041844741437542e6, 33.33119201660156, 0.0
1.1051125365169272e6, 1.1041901382936174e6, 33.33161687850952, 0.0
1.1051125365169272e6, 1.104190785662527e6, 33.33188199996948, 0.0
1.1051125365169272e6, 1.1041909729974398e6, 33.68526887893677, 0.0
1.1051125365169272e6, 1.104191277475438e6, 33.685701847076416, 0.0
1.1051125365169272e6, 1.1041915287083287e6, 33.68634581565857, 0.0
1.1051125365169272e6, 1.1041916440179285e6, 33.68686485290527, 0.0
1.1051125365169272e6, 1.1041920297015493e6, 33.687272787094116, 0.0
1.1051125365169272e6, 1.1041920925691912e6, 33.68754982948303, 0.0
1.1051125365169272e6, 1.1041921126437208e6, 33.6878387928009, 0.0
1.1051125365169272e6, 1.104198896577651e6, 33.68812394142151, 0.0
1.1051125365169272e6, 1.1041994162011489e6, 34.02112793922424, 0.0
1.1051125365169272e6, 1.104199730070535e6, 34.021782875061035, 0.0
1.1051125365169272e6, 1.104199784100776e6, 34.02227997779846, 0.0
1.1051125365169272e6, 1.1041998663220578e6, 34.02278780937195, 0.0
1.1051125365169272e6, 1.1042001683642946e6, 34.02320098876953, 0.0
1.1051125365169272e6, 1.1042001695526843e6, 34.02365279197693, 0.0
1.1051125365169272e6, 1.104200482294883e6, 34.024169921875, 0.0
1.1051125365169272e6, 1.1042092374250721e6, 34.024608850479126, 0.0
1.1051125365169272e6, 1.1042092776719558e6, 34.37468886375427, 0.0
1.1051125365169272e6, 1.1042096046025953e6, 34.37523579597473, 0.0
1.1051125365169272e6, 1.1042098261520353e6, 34.37575697898865, 0.0
1.1051125365169272e6, 1.1042099754836352e6, 34.3761990070343, 0.0
1.1051125365169272e6, 1.104210002451558e6, 34.376635789871216, 0.0
1.1051125365169272e6, 1.1042103536551443e6, 34.37702488899231, 0.0
1.1051125365169272e6, 1.104210384030757e6, 34.37744188308716, 0.0
1.1051125365169272e6, 1.1042133438547293e6, 34.37785196304321, 0.0
1.1051125365169272e6, 1.1042136652987476e6, 34.377943992614746, 0.0
1.1051125365169272e6, 1.1042137974428923e6, 34.377946853637695, 0.0
1.1051125365169272e6, 1.104217608024332e6, 34.377973794937134, 0.0
1.1051125365169272e6, 1.1042181458357645e6, 34.70552682876587, 0.0
1.1051125365169272e6, 1.1042184230553415e6, 34.70612287521362, 0.0
1.1051125365169272e6, 1.104218475859472e6, 34.706626892089844, 0.0
1.1051125365169272e6, 1.1042184789451477e6, 34.707114934921265, 0.0
1.1051125365169272e6, 1.1042190426724216e6, 34.707573890686035, 0.0
1.1051125365169272e6, 1.1042190750196395e6, 34.70803785324097, 0.0
1.1051125365169272e6, 1.10421941586127e6, 34.708534955978394, 0.0
1.1051125365169272e6, 1.1042198829948956e6, 34.709022998809814, 0.0
1.1051125365169272e6, 1.104227543073111e6, 34.70907187461853, 0.0
1.1051125365169272e6, 1.1042279684948998e6, 35.072102785110474, 0.0
1.1051125365169272e6, 1.1042282918801967e6, 35.07288384437561, 0.0
1.1051125365169272e6, 1.104228603823946e6, 35.073407888412476, 0.0
1.1051125365169272e6, 1.1042293060913102e6, 35.073800802230835, 0.0
1.1051125365169272e6, 1.1042296219820466e6, 35.07416796684265, 0.0
1.1051125365169272e6, 1.1042296903426368e6, 35.07455897331238, 0.0
1.1051125365169272e6, 1.1042297533381626e6, 35.075233936309814, 0.0
1.1051125365169272e6, 1.104235032865659e6, 35.07558083534241, 0.0
1.1051125365169272e6, 1.104235296329315e6, 35.40303587913513, 0.0
1.1051125365169272e6, 1.1042358934932803e6, 35.4036169052124, 0.0
1.1051125365169272e6, 1.104235967912246e6, 35.40417194366455, 0.0
1.1051125365169272e6, 1.104236096603864e6, 35.4046688079834, 0.0
1.1051125365169272e6, 1.1042361627252563e6, 35.40514087677002, 0.0
1.1051125365169272e6, 1.1042364385782622e6, 35.40560293197632, 0.0
1.1051125365169272e6, 1.1042364883734507e6, 35.40605688095093, 0.0
1.1051125365169272e6, 1.104242137273399e6, 35.406476974487305, 0.0
1.1051125365169272e6, 1.1042427877768942e6, 35.40656495094299, 0.0
1.1051125365169272e6, 1.1042431204490184e6, 36.98466992378235, 0.0
1.1051125365169272e6, 1.1042434398817231e6, 36.98525595664978, 0.0
1.1051125365169272e6, 1.1042438589172424e6, 36.98573589324951, 0.0
1.1051125365169272e6, 1.1042440332964535e6, 36.9862380027771, 0.0
1.1051125365169272e6, 1.104244184288585e6, 36.986660957336426, 0.0
1.1051125365169272e6, 1.104244346958045e6, 36.987109899520874, 0.0
1.1051125365169272e6, 1.1042443982176366e6, 36.98760485649109, 0.0
1.1051125365169272e6, 1.1042443982178078e6, 36.988096952438354, 0.0
1.1051125365169272e6, 1.1042511754276766e6, 36.98812985420227, 0.0
1.1051125365169272e6, 1.10425121085314e6, 37.34431481361389, 0.0
1.1051125365169272e6, 1.1042514837467351e6, 37.34477400779724, 0.0
1.1051125365169272e6, 1.1042516087018522e6, 37.345300912857056, 0.0
1.1051125365169272e6, 1.1042516889183288e6, 37.34574794769287, 0.0
1.1051125365169272e6, 1.104251770708119e6, 37.34618782997131, 0.0
1.1051125365169272e6, 1.1042518629559616e6, 37.34650492668152, 0.0
1.1051125365169272e6, 1.1042518650265473e6, 37.34690284729004, 0.0
1.1051125365169272e6, 1.1042523587610219e6, 37.34731483459473, 0.0
1.1051125365169272e6, 1.1042569115999003e6, 37.347389936447144, 0.0
1.1051125365169272e6, 1.1042570285096208e6, 37.67247986793518, 0.0
1.1051125365169272e6, 1.104257167945312e6, 37.67304587364197, 0.0
1.1051125365169272e6, 1.1042573109537913e6, 37.67352485656738, 0.0
1.1051125365169272e6, 1.104257444609587e6, 37.67391085624695, 0.0
1.1051125365169272e6, 1.1042574467388706e6, 37.67437696456909, 0.0
1.1051125365169272e6, 1.1042576047569846e6, 37.67482089996338, 0.0
1.1051125365169272e6, 1.1042577668800373e6, 37.675215005874634, 0.0
1.1051125365169272e6, 1.1042617938958032e6, 37.67567992210388, 0.0
1.1051125365169272e6, 1.1042635936741119e6, 37.67582082748413, 0.0
1.1051125365169272e6, 1.1042640924705057e6, 38.103195905685425, 0.0
1.1051125365169272e6, 1.1042641270311987e6, 38.103919982910156, 0.0
1.1051125365169272e6, 1.1042654489679523e6, 38.53575897216797, 0.0
1.1051125365169272e6, 1.1042661299159273e6, 38.536499977111816, 0.0
1.1051125365169272e6, 1.1042670270536446e6, 38.53706192970276, 0.0
1.1051125365169272e6, 1.104267921571914e6, 38.537688970565796, 0.0
1.1051125365169272e6, 1.1042679215753297e6, 38.5383358001709, 0.0
1.1051125365169272e6, 1.104268752518274e6, 38.53836989402771, 0.0
1.1051125365169272e6, 1.1042691659547286e6, 38.538941860198975, 0.0
1.1051125365169272e6, 1.1042700649299144e6, 38.53952097892761, 0.0
1.1051125365169272e6, 1.1042726250791652e6, 38.540074825286865, 0.0
1.1051125365169272e6, 1.104274132932971e6, 38.540130853652954, 0.0
1.1051125365169272e6, 1.104277393432432e6, 38.540217876434326, 0.0
1.1051125365169272e6, 1.1042801931057442e6, 38.540220975875854, 0.0
1.1051125365169272e6, 1.1042807892479224e6, 38.54050898551941, 0.0
1.1051125365169272e6, 1.104281240864207e6, 38.921916007995605, 0.0
1.1051125365169272e6, 1.104282022741996e6, 38.92240500450134, 0.0
1.1051125365169272e6, 1.104282036610855e6, 38.92273187637329, 0.0
1.1051125365169272e6, 1.104282297772429e6, 38.92290186882019, 0.0
1.1051125365169272e6, 1.104282310043717e6, 38.923314809799194, 0.0
1.1051125365169272e6, 1.1042823100445708e6, 38.92369890213013, 0.0
1.1051125365169272e6, 1.1042825221285897e6, 38.92371892929077, 0.0
1.1051125365169272e6, 1.1042827302230194e6, 38.92400884628296, 0.0
1.1051125365169272e6, 1.104285763636114e6, 38.9244499206543, 0.0
1.1051125365169272e6, 1.104286035491802e6, 39.24206280708313, 0.0
1.1051125365169272e6, 1.1042862577371292e6, 39.24262094497681, 0.0
1.1051125365169272e6, 1.1042866494677616e6, 39.24309492111206, 0.0
1.1051125365169272e6, 1.1042872751833461e6, 39.24354696273804, 0.0
1.1051125365169272e6, 1.1042876361150409e6, 39.24400281906128, 0.0
1.1051125365169272e6, 1.104288176521762e6, 39.244444847106934, 0.0
1.1051125365169272e6, 1.1042881765329633e6, 39.2448890209198, 0.0
1.1051125365169272e6, 1.10428820365668e6, 39.244911909103394, 0.0
1.1051125365169272e6, 1.1042944924823863e6, 39.245368003845215, 0.0
1.1051125365169272e6, 1.1042947398603146e6, 39.67155194282532, 0.0
1.1051125365169272e6, 1.104295077176511e6, 39.672088861465454, 0.0
1.1051125365169272e6, 1.1042952200977078e6, 39.6724898815155, 0.0
1.1051125365169272e6, 1.1042959941830668e6, 39.67424392700195, 0.0
1.1051125365169272e6, 1.104295994183629e6, 39.674702882766724, 0.0
1.1051125365169272e6, 1.104296257924692e6, 39.674723863601685, 0.0
1.1051125365169272e6, 1.104297201616394e6, 40.03435397148132, 0.0
1.1051125365169272e6, 1.10429787453104e6, 40.035170793533325, 0.0
1.1051125365169272e6, 1.1042984784306113e6, 40.03565788269043, 0.0
1.1051125365169272e6, 1.10429879887354e6, 40.03631591796875, 0.0
1.1051125365169272e6, 1.10429946108378e6, 40.03680491447449, 0.0
1.1051125365169272e6, 1.1043000766177115e6, 40.037314891815186, 0.0
1.1051125365169272e6, 1.1043006955173214e6, 40.03788495063782, 0.0
1.1051125365169272e6, 1.1043067185894714e6, 40.038378953933716, 0.0
1.1051125365169272e6, 1.1043113697885866e6, 40.03853487968445, 0.0
1.1051125365169272e6, 1.1043117992371935e6, 40.37086200714111, 0.0
1.1051125365169272e6, 1.1043119022981194e6, 40.371447801589966, 0.0
1.1051125365169272e6, 1.1043119730979265e6, 40.3717679977417, 0.0
1.1051125365169272e6, 1.1043120737504428e6, 40.3721969127655, 0.0
1.1051125365169272e6, 1.1043121097061457e6, 40.37262201309204, 0.0
1.1051125365169272e6, 1.104312174316661e6, 40.373095989227295, 0.0
1.1051125365169272e6, 1.1043124360548367e6, 40.37351083755493, 0.0
1.1051125365169272e6, 1.1043166630449921e6, 40.37390089035034, 0.0
1.1051125365169272e6, 1.1043173397069655e6, 40.688546895980835, 0.0
1.1051125365169272e6, 1.1043174521827109e6, 40.689093828201294, 0.0
1.1051125365169272e6, 1.104317528851534e6, 40.689532995224, 0.0
1.1051125365169272e6, 1.104317717785988e6, 40.6899847984314, 0.0
1.1051125365169272e6, 1.1043178611330977e6, 40.69035482406616, 0.0
1.1051051447831453e6, 1.1043178611330977e6, 40.69254183769226, 0.0
1.1051051447831453e6, 1.1043179706757932e6, 40.69301795959473, 0.0
1.1051051447831453e6, 1.1043180060964825e6, 40.69363594055176, 0.0
1.1051051447831453e6, 1.1043203044649274e6, 40.694058895111084, 0.0
1.1051051447831453e6, 1.104321472773789e6, 40.694180965423584, 0.0
1.1051051447831453e6, 1.104322932420717e6, 40.6942298412323, 0.0
1.1050989638589597e6, 1.104322932420717e6, 41.908859968185425, 0.0
1.1050989638589597e6, 1.1043239270821991e6, 42.23578381538391, 0.0
1.1050989638589597e6, 1.1043240663954753e6, 42.23820686340332, 0.0
1.1050989638589597e6, 1.1043240848257574e6, 42.238667011260986, 0.0
1.1050989638589597e6, 1.1043241431940366e6, 42.239131927490234, 0.0
1.1050989638589597e6, 1.1043241431940955e6, 42.239664793014526, 0.0
1.1050989638589597e6, 1.1043242277096831e6, 42.23969101905823, 0.0
1.1050989638589597e6, 1.1043242948280594e6, 42.24019479751587, 0.0
1.1050989638589597e6, 1.1043244961858662e6, 42.24063992500305, 0.0
1.1050989638589597e6, 1.1043301885955809e6, 42.24112296104431, 0.0
1.1050989638589597e6, 1.1043302868157036e6, 42.58546781539917, 0.0
1.1050989638589597e6, 1.1043302971187027e6, 42.585882902145386, 0.0
1.1050989638589597e6, 1.1043303871363103e6, 42.58627891540527, 0.0
1.1050989638589597e6, 1.104330556058575e6, 42.586737871170044, 0.0
1.1050989638589597e6, 1.1043305813335928e6, 42.587180852890015, 0.0
1.1050989638589597e6, 1.1043307251197516e6, 42.58762192726135, 0.0
1.1050989638589597e6, 1.1043308477878324e6, 42.58780288696289, 0.0
1.1050989638589597e6, 1.1043345840867641e6, 42.58814191818237, 0.0
1.1050989638589597e6, 1.1043351254971644e6, 42.91876792907715, 0.0
1.1050989638589597e6, 1.1043354508527007e6, 42.91943883895874, 0.0
1.1050989638589597e6, 1.1043356836915852e6, 42.91986083984375, 0.0
1.1050989638589597e6, 1.104336099829587e6, 42.92035484313965, 0.0
1.1050989638589597e6, 1.104336193656067e6, 42.920846939086914, 0.0
1.1050989638589597e6, 1.1043364135927414e6, 42.921278953552246, 0.0
1.1050989638589597e6, 1.1043364774977746e6, 42.921751976013184, 0.0
1.1050989638589597e6, 1.1043404323019357e6, 42.92224979400635, 0.0
1.1050989638589597e6, 1.104342463118986e6, 42.92241287231445, 0.0
1.1050989638589597e6, 1.1043424889770814e6, 43.27368378639221, 0.0
1.1050989638589597e6, 1.1043424889780567e6, 43.27412390708923, 0.0
1.1050989638589597e6, 1.1043425402216099e6, 43.274186849594116, 0.0
1.1050989638589597e6, 1.1043427123460995e6, 43.27459096908569, 0.0
1.1050989638589597e6, 1.1043427179164905e6, 43.274927854537964, 0.0
1.1050989638589597e6, 1.1043427211504302e6, 43.275436878204346, 0.0
1.1050989638589597e6, 1.1043427432162664e6, 43.275837898254395, 0.0
1.1050989638589597e6, 1.104342899497741e6, 43.27621388435364, 0.0
1.1050989638589597e6, 1.1043462670894845e6, 43.27648901939392, 0.0
1.1050989638589597e6, 1.1043464490896554e6, 43.59574294090271, 0.0
1.1050989638589597e6, 1.1043466478909727e6, 43.59637689590454, 0.0
1.1050989638589597e6, 1.1043468052694919e6, 43.59688901901245, 0.0
1.1050989638589597e6, 1.1043468826532129e6, 43.59737586975098, 0.0
1.1050989638589597e6, 1.1043469735690262e6, 43.59788179397583, 0.0
1.1050989638589597e6, 1.1043469735692916e6, 43.598366022109985, 0.0
1.1050989638589597e6, 1.1043470221996722e6, 43.598464012145996, 0.0
1.1050989638589597e6, 1.104347302729261e6, 43.59887886047363, 0.0
1.1050989638589597e6, 1.1043484953604387e6, 43.59937500953674, 0.0
1.1050989638589597e6, 1.1043505037936887e6, 43.59938597679138, 0.0
1.1050989638589597e6, 1.104351672144161e6, 43.5995888710022, 0.0
1.1050989638589597e6, 1.1043518967156739e6, 43.5996208190918, 0.0
1.1050989638589597e6, 1.104352285328318e6, 44.05961799621582, 0.0
1.1050989638589597e6, 1.1043525519945184e6, 44.0602388381958, 0.0
1.1050989638589597e6, 1.104352651228623e6, 44.06063985824585, 0.0
1.1050989638589597e6, 1.1043529963534889e6, 44.061200857162476, 0.0
1.1050989638589597e6, 1.104353044222829e6, 44.061821937561035, 0.0
1.1050989638589597e6, 1.1043532190721524e6, 44.06245684623718, 0.0
1.1050989638589597e6, 1.104353417466967e6, 44.062949895858765, 0.0
1.1050989638589597e6, 1.1043551462465406e6, 44.063440799713135, 0.0
1.1050989638589597e6, 1.104357868793051e6, 44.063546895980835, 0.0
1.1050989638589597e6, 1.1043585888715764e6, 44.06358194351196, 0.0
1.1050989638589597e6, 1.1043600796525748e6, 44.06370186805725, 0.0
1.1050989638589597e6, 1.1043610343764084e6, 44.063745975494385, 0.0
1.1050989638589597e6, 1.1043615252312676e6, 44.3961079120636, 0.0
1.1050989638589597e6, 1.1043616663384824e6, 44.396780014038086, 0.0
1.1050989638589597e6, 1.1043620843607734e6, 44.397252798080444, 0.0
1.1050989638589597e6, 1.1043621788224964e6, 44.39776682853699, 0.0
1.1050989638589597e6, 1.1043624189098745e6, 44.398212909698486, 0.0
1.1050989638589597e6, 1.1043625025767698e6, 44.39862298965454, 0.0
1.1050989638589597e6, 1.1043625536016158e6, 44.39916181564331, 0.0
1.1050989638589597e6, 1.1043687271200598e6, 44.399571895599365, 0.0
1.1050989638589597e6, 1.1043693958182542e6, 44.76143479347229, 0.0
1.1050989638589597e6, 1.1043695857772203e6, 44.7619149684906, 0.0
1.1050989638589597e6, 1.1043696897075144e6, 44.76234483718872, 0.0
1.1050989638589597e6, 1.104369929518903e6, 44.76267600059509, 0.0
1.1050989638589597e6, 1.1043699855584335e6, 44.763171911239624, 0.0
1.1050989638589597e6, 1.1043701088327665e6, 44.76352381706238, 0.0
1.1050989638589597e6, 1.1043702004143482e6, 44.76391792297363, 0.0
1.1050989638589597e6, 1.1043718824231715e6, 44.76426982879639, 0.0
1.1050989638589597e6, 1.104375320433288e6, 44.7643609046936, 0.0
1.1050989638589597e6, 1.1043754684216657e6, 45.09686088562012, 0.0
1.1050989638589597e6, 1.10437562250477e6, 45.09746789932251, 0.0
1.1050989638589597e6, 1.104375622506047e6, 45.098145961761475, 0.0
1.1050989638589597e6, 1.1043756500118535e6, 45.098186016082764, 0.0
1.1050989638589597e6, 1.1043757215345062e6, 45.098599910736084, 0.0
1.1050989638589597e6, 1.104375818898661e6, 45.09903883934021, 0.0
1.1050989638589597e6, 1.10437581951092e6, 45.0994758605957, 0.0
1.1050989638589597e6, 1.1043759616109834e6, 45.09996700286865, 0.0
1.1050989638589597e6, 1.104378588268984e6, 45.10279583930969, 0.0
1.1050989638589597e6, 1.1043813711017165e6, 45.10297179222107, 0.0
1.1050989638589597e6, 1.1043820834636062e6, 45.49310898780823, 0.0
1.1050989638589597e6, 1.1043823445334285e6, 45.493727922439575, 0.0
1.1050989638589597e6, 1.104382371256456e6, 45.49415302276611, 0.0
1.1050989638589597e6, 1.1043826847972828e6, 45.49459886550903, 0.0
1.1050989638589597e6, 1.1043827936736704e6, 45.49500393867493, 0.0
1.1050989638589597e6, 1.1043828282710318e6, 45.49519181251526, 0.0
1.1050989638589597e6, 1.1043831662046544e6, 45.49553179740906, 0.0
1.1050989638589597e6, 1.1043861189301242e6, 45.49582099914551, 0.0
1.105098774905362e6, 1.1043861189301242e6, 46.71859884262085, 0.0
1.105098774905362e6, 1.1043864929314004e6, 47.10031080245972, 0.0
1.105098774905362e6, 1.1043864929317625e6, 47.10085201263428, 0.0
1.105098774905362e6, 1.104387468965371e6, 47.100886821746826, 0.0
1.105098774905362e6, 1.1043875752415296e6, 47.101298809051514, 0.0
1.105098774905362e6, 1.1043876634183957e6, 47.10179281234741, 0.0
1.105098774905362e6, 1.1043877676461046e6, 47.10222601890564, 0.0
1.105098774905362e6, 1.104387943917325e6, 47.1026668548584, 0.0
1.105098774905362e6, 1.104387949189446e6, 47.1027569770813, 0.0
1.105098774905362e6, 1.1043888324944025e6, 47.10317087173462, 0.0
1.105098774905362e6, 1.1043893235582628e6, 47.10323095321655, 0.0
1.105098774905362e6, 1.104389802909581e6, 47.437402963638306, 0.0
1.105098774905362e6, 1.1043898029096187e6, 47.43802785873413, 0.0
1.105098774905362e6, 1.1043900209244415e6, 47.43805289268494, 0.0
1.105098774905362e6, 1.104390839075698e6, 47.43856692314148, 0.0
1.105098774905362e6, 1.1043910947956431e6, 47.43901491165161, 0.0
1.105098774905362e6, 1.1043910947983405e6, 47.43952298164368, 0.0
1.105098774905362e6, 1.1043914207072554e6, 47.43953490257263, 0.0
1.105098774905362e6, 1.1043916733309245e6, 47.440056800842285, 0.0
1.105098774905362e6, 1.104392018897123e6, 47.440608978271484, 0.0
1.105098774905362e6, 1.1043936311159874e6, 47.441160917282104, 0.0
1.105098774905362e6, 1.1043936311175495e6, 47.44117593765259, 0.0
1.105098774905362e6, 1.1043959039153398e6, 47.44123387336731, 0.0
1.105098774905362e6, 1.1043977620426458e6, 47.44130086898804, 0.0
1.105098774905362e6, 1.1043991355267623e6, 47.44146800041199, 0.0
1.105098774905362e6, 1.1043993845452801e6, 47.8631489276886, 0.0
1.105098774905362e6, 1.1043994425298686e6, 47.86369180679321, 0.0
1.105098774905362e6, 1.1043996781874474e6, 47.86416292190552, 0.0
1.105098774905362e6, 1.1043996781882495e6, 47.864569902420044, 0.0
1.105098774905362e6, 1.1044001466794384e6, 47.864635944366455, 0.0
1.105098774905362e6, 1.1044007579131967e6, 48.19478893280029, 0.0
1.105098774905362e6, 1.104401348261746e6, 48.195403814315796, 0.0
1.105098774905362e6, 1.1044018259165043e6, 48.19590187072754, 0.0
1.105098774905362e6, 1.1044024374351946e6, 48.196364879608154, 0.0
1.105070447617898e6, 1.1044024374351946e6, 48.19798278808594, 0.0
1.105070447617898e6, 1.1044029430736979e6, 48.19819378852844, 0.0
1.105070447617898e6, 1.1044031715465146e6, 48.1986289024353, 0.0
1.105070447617898e6, 1.1044031715469414e6, 48.1990749835968, 0.0
1.105070447617898e6, 1.1044034593362901e6, 48.19909882545471, 0.0
1.105070447617898e6, 1.1044055399879224e6, 48.199458837509155, 0.0
1.105070447617898e6, 1.1044072089518583e6, 48.199479818344116, 0.0
1.105070447617898e6, 1.1044080543211955e6, 48.19959783554077, 0.0
1.105070447617898e6, 1.1044082673356684e6, 48.716986894607544, 0.0
1.105070447617898e6, 1.1044087438346008e6, 48.71752882003784, 0.0
1.105070447617898e6, 1.1044090354522034e6, 48.718019008636475, 0.0
1.105070447617898e6, 1.1044092555224218e6, 48.71848487854004, 0.0
1.105070447617898e6, 1.1044093095145568e6, 48.719008922576904, 0.0
1.105070447617898e6, 1.104409586044378e6, 48.71934986114502, 0.0
1.105070447617898e6, 1.1044096162019228e6, 48.719764947891235, 0.0
1.105070447617898e6, 1.1044141321647756e6, 48.72020101547241, 0.0
1.105070447617898e6, 1.1044150123658136e6, 49.09772181510925, 0.0
1.105070447617898e6, 1.1044152255665404e6, 49.09834885597229, 0.0
1.105070447617898e6, 1.1044152255680948e6, 49.09885382652283, 0.0
1.105070447617898e6, 1.1044152771097827e6, 49.098888874053955, 0.0
1.105070447617898e6, 1.1044153390020279e6, 49.0992968082428, 0.0
1.105070447617898e6, 1.1044154402892925e6, 49.09984993934631, 0.0
1.105070447617898e6, 1.1044154960732965e6, 49.10059189796448, 0.0
1.105070447617898e6, 1.1044154960734278e6, 49.10108280181885, 0.0
1.105070447617898e6, 1.1044155464729017e6, 49.10116386413574, 0.0
1.105070447617898e6, 1.104418867851988e6, 49.10160779953003, 0.0
1.105070447617898e6, 1.1044215847889914e6, 49.10175180435181, 0.0
1.105070447617898e6, 1.1044215898341988e6, 49.51052498817444, 0.0
1.105070447617898e6, 1.10442174262513e6, 49.51110291481018, 0.0
1.105070447617898e6, 1.104421829988594e6, 49.51154899597168, 0.0
1.105070447617898e6, 1.1044218938545622e6, 49.511730909347534, 0.0
1.105070447617898e6, 1.1044220314731228e6, 49.51218581199646, 0.0
1.105070447617898e6, 1.1044221067592967e6, 49.512534856796265, 0.0
1.105070447617898e6, 1.104422116449045e6, 49.51293897628784, 0.0
1.105070447617898e6, 1.1044259621368966e6, 49.51324987411499, 0.0
1.105070447617898e6, 1.1044259621372742e6, 49.89838886260986, 0.0
1.105070447617898e6, 1.1044264166574809e6, 49.898446798324585, 0.0
1.105070447617898e6, 1.1044266852979183e6, 49.89907479286194, 0.0
1.105070447617898e6, 1.104427124558967e6, 49.89949893951416, 0.0
1.105070447617898e6, 1.1044273689844436e6, 49.90008187294006, 0.0
1.105070447617898e6, 1.104427501162915e6, 49.90056490898132, 0.0
1.105070447617898e6, 1.1044277445886761e6, 49.901065826416016, 0.0
1.105070447617898e6, 1.1044279592613047e6, 49.901527881622314, 0.0
1.105070447617898e6, 1.1044305829828293e6, 49.902084827423096, 0.0
1.105070447617898e6, 1.1044331422627855e6, 49.90223979949951, 0.0
1.105070447617898e6, 1.1044335345770407e6, 50.3885338306427, 0.0
1.105070447617898e6, 1.1044337221586183e6, 50.38904595375061, 0.0
1.105070447617898e6, 1.1044343161955234e6, 50.74385690689087, 0.0
1.105070447617898e6, 1.1044347934477874e6, 50.743894815444946, 0.0
1.105070447617898e6, 1.104435449910066e6, 50.744542837142944, 0.0
1.105070447617898e6, 1.1044358277772507e6, 50.74507284164429, 0.0
1.105070447617898e6, 1.1044362144956142e6, 50.74558901786804, 0.0
1.105070447617898e6, 1.104436548748631e6, 50.74608087539673, 0.0
1.105070447617898e6, 1.104436873620869e6, 50.74660587310791, 0.0
1.105070447617898e6, 1.1044372962781745e6, 50.74709987640381, 0.0
1.105070447617898e6, 1.1044451489079276e6, 50.74761700630188, 0.0
1.105070447617898e6, 1.1044453212283072e6, 51.16479182243347, 0.0
1.105070447617898e6, 1.104445787303239e6, 51.1650288105011, 0.0
1.105070447617898e6, 1.104445811263682e6, 51.16542387008667, 0.0
1.105066952419436e6, 1.104445811263682e6, 52.534151792526245, 0.0
1.105066952419436e6, 1.104446589065767e6, 54.22163200378418, 0.0
1.105066952419436e6, 1.104447048598255e6, 54.22402501106262, 0.0
1.105066952419436e6, 1.10444745590498e6, 54.226990938186646, 0.0
1.105066952419436e6, 1.1044476823822618e6, 54.22929096221924, 0.0
1.105066952419436e6, 1.1044484180835015e6, 54.230918884277344, 0.0
1.105066952419436e6, 1.1044486874148506e6, 54.23377585411072, 0.0
1.105066952419436e6, 1.1044489258606993e6, 54.23575401306152, 0.0
1.105066952419436e6, 1.1044508456216676e6, 54.23728680610657, 0.0
1.105066952419436e6, 1.104453910109412e6, 54.23736882209778, 0.0
1.105066952419436e6, 1.1044542950709597e6, 54.23757481575012, 0.0
1.105066952419436e6, 1.1044552379148123e6, 54.23762488365173, 0.0
1.105066952419436e6, 1.104456962374712e6, 54.23786687850952, 0.0
1.105066952419436e6, 1.1044597802154275e6, 54.23811888694763, 0.0
1.105066952419436e6, 1.1044615393833409e6, 54.23827791213989, 0.0
1.105066952419436e6, 1.1044632829345441e6, 54.238757848739624, 0.0
1.105066952419436e6, 1.1044632874300885e6, 54.6008038520813, 0.0
1.105066952419436e6, 1.1044632874404616e6, 54.601804971694946, 0.0
1.105066952419436e6, 1.1044633206025215e6, 54.60181379318237, 0.0
1.105066952419436e6, 1.1044634250323107e6, 54.60216283798218, 0.0
1.105066952419436e6, 1.104463451879696e6, 54.60249090194702, 0.0
1.105066952419436e6, 1.1044634518799423e6, 54.60279178619385, 0.0
1.105066952419436e6, 1.104463471005772e6, 54.60279583930969, 0.0
1.105066952419436e6, 1.104463516054742e6, 54.60309982299805, 0.0
1.105066952419436e6, 1.1044655793390574e6, 54.60338091850281, 0.0
1.105066952419436e6, 1.104465579341948e6, 54.98545789718628, 0.0
1.105066952419436e6, 1.10446576161391e6, 54.98551893234253, 0.0
1.105066952419436e6, 1.1044662040303084e6, 54.98601579666138, 0.0
1.105066952419436e6, 1.1044666761688998e6, 54.98606491088867, 0.0
1.105066952419436e6, 1.1044669609031947e6, 54.986562967300415, 0.0
1.105066952419436e6, 1.1044670496370269e6, 54.98688888549805, 0.0
1.105066952419436e6, 1.104467137132395e6, 54.98731279373169, 0.0
1.105066952419436e6, 1.1044671399972618e6, 54.98764681816101, 0.0
1.105066952419436e6, 1.1044677473763786e6, 54.98784589767456, 0.0
1.105066952419436e6, 1.1044680865669264e6, 55.42896294593811, 0.0
1.105066952419436e6, 1.104468540962899e6, 55.429590940475464, 0.0
1.105066952419436e6, 1.1044687091799057e6, 55.43016982078552, 0.0
1.105066952419436e6, 1.1044688631017106e6, 55.43067288398743, 0.0
1.105066952419436e6, 1.104469125744917e6, 55.431142807006836, 0.0
1.105066952419436e6, 1.10446945247245e6, 55.43161487579346, 0.0
1.105066952419436e6, 1.1044694524732293e6, 55.43225884437561, 0.0
1.105066952419436e6, 1.1044697017342453e6, 55.43230485916138, 0.0
1.105066952419436e6, 1.104473028198703e6, 55.43273997306824, 0.0
1.105066952419436e6, 1.1044730281989477e6, 55.4328179359436, 0.0
1.105066952419436e6, 1.104473339462786e6, 55.43282389640808, 0.0
1.105066952419436e6, 1.1044743708460273e6, 55.43283987045288, 0.0
1.105066952419436e6, 1.1044760397641612e6, 55.43295097351074, 0.0
1.105066952419436e6, 1.1044763149515314e6, 55.84926080703735, 0.0
1.105066952419436e6, 1.1044764168247727e6, 55.84984588623047, 0.0
1.105066952419436e6, 1.1044765588407698e6, 55.85031080245972, 0.0
1.105066952419436e6, 1.1044766446031092e6, 55.850698947906494, 0.0
1.105066952419436e6, 1.1044767922201203e6, 55.851094007492065, 0.0
1.105066952419436e6, 1.10447679516981e6, 55.85114097595215, 0.0
1.105066952419436e6, 1.1044769023066862e6, 55.85139298439026, 0.0
1.105066952419436e6, 1.1044781732376618e6, 55.85155892372131, 0.0
1.105066952419436e6, 1.1044786127335855e6, 55.85160779953003, 0.0
1.105066952419436e6, 1.104479086031783e6, 56.255774974823, 0.0
1.105066952419436e6, 1.1044792798644262e6, 56.2563898563385, 0.0
1.105066952419436e6, 1.1044793362080348e6, 56.25688982009888, 0.0
1.105066952419436e6, 1.1044793362085037e6, 56.25763988494873, 0.0
1.105066952419436e6, 1.1044794036520517e6, 56.257659912109375, 0.0
1.105066952419436e6, 1.1044794638950163e6, 56.258277893066406, 0.0
1.105066952419436e6, 1.1044796016802613e6, 56.25880789756775, 0.0
1.105066952419436e6, 1.1044796016803654e6, 56.2592978477478, 0.0
1.105066952419436e6, 1.1044797125353226e6, 56.25931787490845, 0.0
1.105066952419436e6, 1.1044815919381923e6, 56.259848833084106, 0.0
1.105066952419436e6, 1.104483783954266e6, 56.25993895530701, 0.0
1.105066952419436e6, 1.1044849593784078e6, 56.260090827941895, 0.0
1.105066952419436e6, 1.1044856235221098e6, 56.26017189025879, 0.0
1.105066952419436e6, 1.1044859628707224e6, 56.64614701271057, 0.0
1.105066952419436e6, 1.1044862094329486e6, 56.646734952926636, 0.0
1.105066952419436e6, 1.1044864931809518e6, 56.6470468044281, 0.0
1.105066952419436e6, 1.1044867281648624e6, 56.647599935531616, 0.0
1.105066952419436e6, 1.1044870553388388e6, 56.648077964782715, 0.0
1.105066952419436e6, 1.104487503635868e6, 56.648552894592285, 0.0
1.105066952419436e6, 1.1044875493297342e6, 56.68519186973572, 0.0
1.105066952419436e6, 1.1044889466274965e6, 56.68578600883484, 0.0
1.105066952419436e6, 1.104489757572119e6, 56.685823917388916, 0.0
1.105066952419436e6, 1.1044900104309572e6, 57.09950399398804, 0.0
1.105066952419436e6, 1.1044904260424487e6, 57.100252866744995, 0.0
1.105066952419436e6, 1.1044907092885943e6, 57.100828886032104, 0.0
1.105066952419436e6, 1.104490888633814e6, 57.101364850997925, 0.0
1.105066952419436e6, 1.1044910728988391e6, 57.101879835128784, 0.0
1.105066952419436e6, 1.104491390593913e6, 57.10239291191101, 0.0
1.105066952419436e6, 1.1044915657422834e6, 57.10288190841675, 0.0
1.105066952419436e6, 1.1044950833249935e6, 57.10338878631592, 0.0
1.105066952419436e6, 1.104495353733671e6, 57.10362696647644, 0.0
1.105066952419436e6, 1.104495998758914e6, 57.103731870651245, 0.0
1.105066952419436e6, 1.104497762115635e6, 57.10376286506653, 0.0
1.105066952419436e6, 1.1044978699528426e6, 57.50325298309326, 0.0
1.105066952419436e6, 1.1044979448601385e6, 57.503710985183716, 0.0
1.105066952419436e6, 1.104498094885876e6, 57.50417685508728, 0.0
1.105066952419436e6, 1.1044981139886884e6, 57.504668951034546, 0.0
1.105066952419436e6, 1.1044981510432225e6, 57.505117893218994, 0.0
1.105066952419436e6, 1.1044981636049997e6, 57.505581855773926, 0.0
1.105066952419436e6, 1.1044982797505017e6, 57.50594902038574, 0.0
1.105066952419436e6, 1.1045001122864482e6, 57.50636696815491, 0.0
1.105066952419436e6, 1.1045023033278103e6, 57.50650382041931, 0.0
1.105066952419436e6, 1.1045025647119556e6, 59.30171990394592, 0.0
1.105066952419436e6, 1.104502897173922e6, 59.302369832992554, 0.0
1.105066952419436e6, 1.104503499761939e6, 59.30282187461853, 0.0
1.105066952419436e6, 1.1045036934660964e6, 59.30313301086426, 0.0
1.105066952419436e6, 1.1045038297887999e6, 59.303624868392944, 0.0
1.105066952419436e6, 1.1045038768288526e6, 59.304035902023315, 0.0
1.105066952419436e6, 1.104503882051909e6, 59.30412578582764, 0.0
1.105066952419436e6, 1.104504669679996e6, 59.304452896118164, 0.0
1.105066952419436e6, 1.1045048998904908e6, 59.72498393058777, 0.0
1.105066952419436e6, 1.1045055076817255e6, 59.72566485404968, 0.0
1.105066952419436e6, 1.1045057872942917e6, 59.7261688709259, 0.0
1.105066952419436e6, 1.1045060557523333e6, 59.726717948913574, 0.0
1.105066952419436e6, 1.104506281576702e6, 59.72729301452637, 0.0
1.105066952419436e6, 1.104506525914247e6, 59.72779083251953, 0.0
1.105066952419436e6, 1.1045066344689536e6, 59.72829079627991, 0.0
1.105066952419436e6, 1.1045076694499603e6, 59.72885179519653, 0.0
1.105066952419436e6, 1.104511712805714e6, 59.728874921798706, 0.0
1.105066952419436e6, 1.104512332264271e6, 59.7291419506073, 0.0
1.105066952419436e6, 1.1045126307210904e6, 60.00171494483948, 0.0
